variant,place_thresh,cancel_buffer,pred_momentum_coef,per_order_widen_frac,avg_pnl,avg_closed_pnl,avg_comm,sharpe,num_trds,sim_score
0,0.00025,0.1,0,0.1,1895.87,1904.74,8.88,1.18,462,3619.55
1,0.0003,0.1,0,0.1,1822.15,1829.32,7.17,0.94,364,3343.85
2,0.0004,0.1,0,0.1,1763.74,1768.87,5.12,0.91,249,2820.88
3,0.0005,0.1,0,0.1,1650.47,1654.21,3.74,0.91,172,2599.57
4,0.00025,0.2,0,0.1,1951.48,1960.55,9.07,1.18,468,3453.03
5,0.0003,0.2,0,0.1,1734.21,1741.68,7.47,0.89,375,2875.24
6,0.0004,0.2,0,0.1,1750.66,1755.84,5.18,0.87,253,2745.84
7,0.0005,0.2,0,0.1,1649.64,1653.40,3.76,0.78,173,2506.43
8,0.00025,0.3,0,0.1,1862.49,1871.63,9.14,1.13,474,3323.76
9,0.0003,0.3,0,0.1,1857.20,1864.90,7.69,1.01,385,3279.97
10,0.0004,0.3,0,0.1,1712.01,1717.29,5.29,0.93,253,2575.37
11,0.0005,0.3,0,0.1,1610.25,1614.07,3.81,0.89,176,2626.32
12,0.00025,0.1,0.2,0.1,1938.80,1946.96,8.16,1.21,415,3640.06
13,0.0003,0.1,0.2,0.1,1786.21,1792.77,6.56,0.95,329,2956.56
14,0.0004,0.1,0.2,0.1,1520.23,1524.82,4.59,0.82,224,2122.39
15,0.0005,0.1,0.2,0.1,1587.19,1590.69,3.50,0.87,165,2146.67
16,0.00025,0.2,0.2,0.1,1834.39,1842.45,8.05,1.21,418,3437.35
17,0.0003,0.2,0.2,0.1,1641.59,1648.18,6.59,0.95,332,2470.74
18,0.0004,0.2,0.2,0.1,1608.37,1613.07,4.70,0.94,225,2441.56
19,0.0005,0.2,0.2,0.1,1679.00,1682.54,3.54,0.84,168,2149.07
20,0.00025,0.3,0.2,0.1,1852.37,1860.89,8.52,1.22,435,3410.53
21,0.0003,0.3,0.2,0.1,1740.06,1747.04,6.98,1.02,346,3227.01
22,0.0004,0.3,0.2,0.1,1710.69,1715.29,4.61,0.92,224,2910.21
23,0.0005,0.3,0.2,0.1,1546.83,1550.36,3.53,0.81,166,2101.40
24,0.00025,0.1,0.5,0.1,1791.00,1798.72,7.72,1.17,389,3296.81
25,0.0003,0.1,0.5,0.1,1781.90,1788.11,6.21,1.07,306,3118.68
26,0.0004,0.1,0.5,0.1,1719.68,1724.20,4.52,0.93,217,2515.96
27,0.0005,0.1,0.5,0.1,1389.34,1392.69,3.35,0.85,152,1832.83
28,0.00025,0.2,0.5,0.1,1877.26,1885.16,7.90,1.17,397,3483.92
29,0.0003,0.2,0.5,0.1,1793.51,1799.74,6.23,0.97,314,2878.36
30,0.0004,0.2,0.5,0.1,1767.95,1772.52,4.57,0.92,220,2691.14
31,0.0005,0.2,0.5,0.1,1470.29,1473.71,3.43,0.77,155,1715.74
32,0.00025,0.3,0.5,0.1,1797.27,1805.14,7.87,1.06,398,3147.37
33,0.0003,0.3,0.5,0.1,1731.15,1737.62,6.46,1.03,318,2706.71
34,0.0004,0.3,0.5,0.1,1646.21,1650.81,4.61,0.82,221,2391.35
35,0.0005,0.3,0.5,0.1,1577.14,1580.57,3.43,0.89,158,2459.74
36,0.00025,0.1,1,0.1,1734.19,1741.58,7.40,1.10,374,3197.58
37,0.0003,0.1,1,0.1,1783.36,1789.30,5.94,0.95,293,2512.52
38,0.0004,0.1,1,0.1,1505.12,1509.29,4.17,0.92,205,2258.72
39,0.0005,0.1,1,0.1,1646.71,1650.12,3.42,0.83,156,2167.86
40,0.00025,0.2,1,0.1,1890.18,1897.32,7.14,1.23,365,3368.57
41,0.0003,0.2,1,0.1,1744.69,1750.73,6.04,1.00,306,2625.69
42,0.0004,0.2,1,0.1,1752.38,1756.79,4.41,0.84,217,2334.33
43,0.0005,0.2,1,0.1,1639.10,1642.29,3.19,0.79,145,2109.80
44,0.00025,0.3,1,0.1,1948.89,1956.39,7.50,1.26,386,3543.22
45,0.0003,0.3,1,0.1,1721.95,1728.13,6.18,0.99,305,2808.20
46,0.0004,0.3,1,0.1,1772.42,1776.93,4.51,0.91,220,2688.38
47,0.0005,0.3,1,0.1,1548.45,1551.73,3.28,0.89,149,2079.63
48,0.00025,0.1,0,0.35,1637.29,1645.61,8.31,1.39,430,3123.92
49,0.0003,0.1,0,0.35,1480.56,1486.96,6.40,1.18,324,2691.66
50,0.0004,0.1,0,0.35,1211.70,1216.06,4.36,1.27,220,2132.29
51,0.0005,0.1,0,0.35,1180.23,1183.47,3.24,1.13,159,2228.54
52,0.00025,0.2,0,0.35,1653.40,1661.39,7.99,1.49,425,3546.03
53,0.0003,0.2,0,0.35,1507.94,1514.61,6.66,1.14,333,2723.38
54,0.0004,0.2,0,0.35,1306.28,1310.98,4.69,1.15,231,2238.16
55,0.0005,0.2,0,0.35,1127.85,1131.15,3.30,1.17,156,2088.06
56,0.00025,0.3,0,0.35,1737.17,1745.64,8.47,1.30,443,3483.48
57,0.0003,0.3,0,0.35,1412.73,1419.43,6.70,1.20,346,2615.22
58,0.0004,0.3,0,0.35,1393.62,1398.48,4.87,1.17,233,2523.95
59,0.0005,0.3,0,0.35,1143.70,1147.16,3.47,1.09,160,1949.81
60,0.00025,0.1,0.2,0.35,1643.60,1650.98,7.38,1.27,377,3297.39
61,0.0003,0.1,0.2,0.35,1520.08,1525.98,5.91,1.23,292,2872.85
62,0.0004,0.1,0.2,0.35,1316.50,1320.62,4.13,1.12,196,2305.23
63,0.0005,0.1,0.2,0.35,1138.70,1141.85,3.15,1.07,147,2241.66
64,0.00025,0.2,0.2,0.35,1656.02,1663.61,7.59,1.45,395,3362.45
65,0.0003,0.2,0.2,0.35,1505.83,1511.83,6.00,1.21,299,2888.86
66,0.0004,0.2,0.2,0.35,1258.67,1262.74,4.06,1.19,200,2226.92
67,0.0005,0.2,0.2,0.35,1073.40,1076.57,3.17,1.20,149,1897.64
68,0.00025,0.3,0.2,0.35,1747.36,1755.26,7.89,1.32,405,3328.66
69,0.0003,0.3,0.2,0.35,1499.40,1505.59,6.20,1.32,315,2909.97
70,0.0004,0.3,0.2,0.35,1372.00,1376.04,4.05,1.04,199,2206.99
71,0.0005,0.3,0.2,0.35,1110.56,1113.47,2.91,1.12,143,1783.36
72,0.00025,0.1,0.5,0.35,1577.81,1584.72,6.92,1.35,344,3283.36
73,0.0003,0.1,0.5,0.35,1574.64,1580.32,5.68,1.19,284,2777.91
74,0.0004,0.1,0.5,0.35,1395.32,1399.32,4.00,1.05,195,2536.68
75,0.0005,0.1,0.5,0.35,1204.13,1207.18,3.05,1.01,137,1886.32
76,0.00025,0.2,0.5,0.35,1594.49,1601.74,7.24,1.33,363,2994.43
77,0.0003,0.2,0.5,0.35,1515.23,1520.90,5.67,1.24,289,2875.93
78,0.0004,0.2,0.5,0.35,1291.61,1295.73,4.11,1.26,196,2553.00
79,0.0005,0.2,0.5,0.35,1110.86,1113.87,3.01,1.27,142,2057.75
80,0.00025,0.3,0.5,0.35,1581.08,1588.31,7.23,1.17,371,3112.73
81,0.0003,0.3,0.5,0.35,1477.57,1483.38,5.81,1.19,287,2567.38
82,0.0004,0.3,0.5,0.35,1396.39,1400.54,4.15,1.18,200,2371.76
83,0.0005,0.3,0.5,0.35,1065.50,1068.47,2.97,1.00,140,1649.44
84,0.00025,0.1,1,0.35,1569.13,1575.55,6.42,1.35,332,3385.60
85,0.0003,0.1,1,0.35,1561.65,1566.95,5.30,1.23,269,2877.72
86,0.0004,0.1,1,0.35,1248.54,1252.32,3.77,1.23,181,2372.53
87,0.0005,0.1,1,0.35,1155.17,1158.07,2.90,1.10,130,1959.51
88,0.00025,0.2,1,0.35,1709.28,1716.06,6.78,1.31,345,3318.00
89,0.0003,0.2,1,0.35,1392.98,1398.44,5.46,1.17,275,2676.95
90,0.0004,0.2,1,0.35,1292.54,1296.56,4.02,1.18,193,2158.71
91,0.0005,0.2,1,0.35,1119.12,1122.11,2.99,1.13,135,1628.33
92,0.00025,0.3,1,0.35,1725.96,1732.72,6.77,1.33,353,3361.95
93,0.0003,0.3,1,0.35,1519.16,1524.52,5.37,1.16,275,2788.47
94,0.0004,0.3,1,0.35,1376.09,1380.08,3.99,1.08,200,2281.89
95,0.0005,0.3,1,0.35,1114.66,1117.60,2.93,1.11,135,1842.53
96,0.00025,0.1,0,0.5,1575.53,1583.32,7.79,1.27,415,2849.70
97,0.0003,0.1,0,0.5,1310.54,1316.82,6.27,1.36,321,2708.00
98,0.0004,0.1,0,0.5,1226.12,1230.40,4.28,1.29,211,2206.19
99,0.0005,0.1,0,0.5,1011.49,1014.64,3.15,1.37,152,2322.32
100,0.00025,0.2,0,0.5,1561.52,1569.34,7.82,1.35,414,3011.35
101,0.0003,0.2,0,0.5,1310.53,1316.94,6.41,1.46,328,2641.45
102,0.0004,0.2,0,0.5,1174.77,1179.35,4.58,1.41,219,2257.06
103,0.0005,0.2,0,0.5,1068.37,1071.54,3.18,1.20,153,1932.89
104,0.00025,0.3,0,0.5,1591.21,1599.46,8.25,1.38,430,3046.40
105,0.0003,0.3,0,0.5,1437.13,1443.69,6.57,1.33,331,2536.68
106,0.0004,0.3,0,0.5,1177.82,1182.17,4.36,1.41,223,2416.51
107,0.0005,0.3,0,0.5,1180.84,1184.05,3.21,1.15,156,2028.65
108,0.00025,0.1,0.2,0.5,1420.04,1426.97,6.93,1.52,362,3019.59
109,0.0003,0.1,0.2,0.5,1284.72,1290.53,5.81,1.30,291,2378.78
110,0.0004,0.1,0.2,0.5,1252.00,1256.01,4.01,1.09,193,2155.21
111,0.0005,0.1,0.2,0.5,1007.01,1009.98,2.97,1.29,141,1990.01
112,0.00025,0.2,0.2,0.5,1492.02,1499.45,7.44,1.49,378,3001.87
113,0.0003,0.2,0.2,0.5,1316.65,1322.47,5.81,1.44,291,2742.72
114,0.0004,0.2,0.2,0.5,1183.17,1187.49,4.32,1.25,207,2026.30
115,0.0005,0.2,0.2,0.5,1093.94,1096.84,2.90,1.18,138,1968.88
116,0.00025,0.3,0.2,0.5,1475.81,1483.16,7.35,1.54,382,2949.48
117,0.0003,0.3,0.2,0.5,1325.42,1331.34,5.91,1.48,301,2652.45
118,0.0004,0.3,0.2,0.5,1134.13,1138.11,3.98,1.56,199,2244.17
119,0.0005,0.3,0.2,0.5,1028.16,1031.07,2.91,1.15,141,1883.48
120,0.00025,0.1,0.5,0.5,1400.73,1407.41,6.69,1.52,346,3091.15
121,0.0003,0.1,0.5,0.5,1314.98,1320.36,5.37,1.34,271,2577.47
122,0.0004,0.1,0.5,0.5,1048.04,1052.03,3.99,1.32,190,1808.58
123,0.0005,0.1,0.5,0.5,1013.67,1016.57,2.90,1.12,131,1810.81
124,0.00025,0.2,0.5,0.5,1498.37,1505.15,6.78,1.49,352,2752.26
125,0.0003,0.2,0.5,0.5,1500.12,1505.57,5.45,1.20,278,2854.47
126,0.0004,0.2,0.5,0.5,1205.05,1208.99,3.93,1.26,191,2150.61
127,0.0005,0.2,0.5,0.5,1083.59,1086.54,2.96,1.10,134,1686.17
128,0.00025,0.3,0.5,0.5,1497.34,1504.32,6.98,1.38,364,3043.26
129,0.0003,0.3,0.5,0.5,1379.27,1384.94,5.68,1.30,278,2688.93
130,0.0004,0.3,0.5,0.5,1178.61,1182.45,3.84,1.19,188,2330.01
131,0.0005,0.3,0.5,0.5,1020.15,1023.15,3.00,1.26,138,1880.36
132,0.00025,0.1,1,0.5,1417.90,1424.18,6.28,1.54,326,2940.53
133,0.0003,0.1,1,0.5,1491.05,1496.30,5.25,1.29,265,3053.84
134,0.0004,0.1,1,0.5,1248.60,1252.38,3.77,1.09,180,1938.37
135,0.0005,0.1,1,0.5,930.45,933.42,2.97,1.24,134,1676.00
136,0.00025,0.2,1,0.5,1493.78,1500.23,6.45,1.51,326,3016.25
137,0.0003,0.2,1,0.5,1240.76,1245.88,5.12,1.57,265,2614.34
138,0.0004,0.2,1,0.5,1207.55,1211.44,3.89,1.26,187,1971.47
139,0.0005,0.2,1,0.5,995.30,998.16,2.86,1.16,132,1512.51
140,0.00025,0.3,1,0.5,1440.32,1446.83,6.51,1.48,337,2888.44
141,0.0003,0.3,1,0.5,1314.42,1319.66,5.23,1.43,265,2798.72
142,0.0004,0.3,1,0.5,1269.74,1273.72,3.98,1.07,195,2027.46
143,0.0005,0.3,1,0.5,883.82,886.52,2.70,1.27,128,1943.25
144,0.00025,0.1,0,1,1186.00,1193.53,7.52,1.51,394,2323.17
145,0.0003,0.1,0,1,1094.50,1100.40,5.90,1.69,297,2170.48
146,0.0004,0.1,0,1,1055.19,1059.23,4.04,1.21,203,1662.94
147,0.0005,0.1,0,1,902.79,905.78,2.99,1.41,140,1707.14
148,0.00025,0.2,0,1,1221.63,1229.31,7.69,1.84,400,2559.25
149,0.0003,0.2,0,1,1030.80,1037.06,6.26,1.67,321,1991.20
150,0.0004,0.2,0,1,1074.19,1078.53,4.34,1.47,206,1985.93
151,0.0005,0.2,0,1,990.86,993.94,3.09,1.19,142,1631.22
152,0.00025,0.3,0,1,1237.87,1245.56,7.69,1.63,407,2421.11
153,0.0003,0.3,0,1,1086.89,1093.15,6.26,1.69,320,2388.21
154,0.0004,0.3,0,1,966.40,970.79,4.39,1.62,216,1908.39
155,0.0005,0.3,0,1,879.72,882.71,2.99,1.29,135,2046.14
156,0.00025,0.1,0.2,1,1212.00,1218.68,6.68,1.77,344,2369.88
157,0.0003,0.1,0.2,1,1064.34,1069.87,5.53,1.60,276,1915.80
158,0.0004,0.1,0.2,1,895.64,899.38,3.74,1.40,182,1505.87
159,0.0005,0.1,0.2,1,847.11,849.97,2.86,1.20,129,1870.08
160,0.00025,0.2,0.2,1,1243.73,1250.61,6.87,1.79,359,2656.91
161,0.0003,0.2,0.2,1,1093.06,1098.58,5.52,1.60,279,2327.66
162,0.0004,0.2,0.2,1,1003.43,1007.43,4.00,1.13,194,1787.11
163,0.0005,0.2,0.2,1,880.03,882.91,2.89,1.18,133,1631.44
164,0.00025,0.3,0.2,1,1234.92,1242.01,7.08,1.73,365,2425.85
165,0.0003,0.3,0.2,1,1080.06,1085.85,5.79,1.56,286,2113.77
166,0.0004,0.3,0.2,1,1085.83,1089.58,3.75,1.12,185,1971.16
167,0.0005,0.3,0.2,1,855.37,858.31,2.94,1.29,134,1440.78
168,0.00025,0.1,0.5,1,1158.30,1164.65,6.35,1.72,322,2366.79
169,0.0003,0.1,0.5,1,1098.21,1103.20,4.99,1.68,251,2369.16
170,0.0004,0.1,0.5,1,888.87,892.57,3.69,1.28,174,1479.22
171,0.0005,0.1,0.5,1,881.01,883.69,2.68,1.13,123,1553.01
172,0.00025,0.2,0.5,1,1158.93,1165.17,6.24,1.77,325,2251.08
173,0.0003,0.2,0.5,1,1064.94,1070.01,5.07,1.53,254,1937.63
174,0.0004,0.2,0.5,1,1029.70,1033.43,3.73,1.48,174,1957.08
175,0.0005,0.2,0.5,1,913.09,915.83,2.73,1.17,122,1547.33
176,0.00025,0.3,0.5,1,1222.39,1229.03,6.63,1.57,340,2380.57
177,0.0003,0.3,0.5,1,1051.92,1057.16,5.23,1.76,260,2194.01
178,0.0004,0.3,0.5,1,856.49,860.29,3.79,1.56,184,1738.34
179,0.0005,0.3,0.5,1,953.74,956.50,2.76,1.03,124,1623.78
180,0.00025,0.1,1,1,1190.71,1196.69,5.98,1.94,302,2500.94
181,0.0003,0.1,1,1,1085.68,1090.59,4.91,2.00,246,2582.51
182,0.0004,0.1,1,1,896.38,899.93,3.56,1.87,169,1750.90
183,0.0005,0.1,1,1,762.37,765.06,2.70,1.56,121,1657.35
184,0.00025,0.2,1,1,1230.32,1236.36,6.04,1.81,306,2426.62
185,0.0003,0.2,1,1,1076.97,1081.92,4.96,1.72,246,2153.12
186,0.0004,0.2,1,1,852.93,856.40,3.48,1.53,176,1716.51
187,0.0005,0.2,1,1,910.93,913.66,2.73,1.06,120,1300.29
188,0.00025,0.3,1,1,1153.77,1159.85,6.08,1.68,318,2361.75
189,0.0003,0.3,1,1,1097.03,1101.96,4.93,1.62,250,2160.67
190,0.0004,0.3,1,1,1030.50,1034.25,3.75,1.10,185,1997.70
191,0.0005,0.3,1,1,930.04,932.81,2.77,1.27,120,1797.00
