variant  place_thresh  max_pos  max_back_levels  cross_thresh  cross_limit_maxpos_frac  cancel_buffer  premium_ema_coef  curv_impulse_coef  per_order_widen_frac  avg_pnl  avg_closed_pnl  avg_comm  sharpe  num_trds  sim_score
143      0.0003        400      10               0.0045        0.2                      0.1            0.5               0                  0.25                  1261.43  1271.43         10.01     2.41    507       2674.91
301      0.0003        400      4                0.0045        0.2                      0.1            0.2               0                  0.4                   1118.71  1127.75         9.04      3.14    458       2679.04
115      0.0003        400      4                0.003         0.1                      0.1            0.5               0                  0.25                  1194.74  1204.57         9.83      2.12    489       2750.85
264      0.00025       400      4                0.0045        0.4                      0.1            0                 0                  0.4                   1313.93  1325.26         11.32     2.14    573       2776.87
33       0.0003        400      7                0.0045        0.2                      0.1            0                 0                  0.25                  1189.13  1199.08         9.95      1.89    498       2787.04
6        0.00025       400      4                0.003         0.1                      0.1            0                 0                  0.25                  1244.39  1256.63         12.24     2.07    610       2788.63
195      0.0003        400      7                0.0045        0.2                      0.1            0.8               0                  0.25                  1168.98  1179.10         10.12     1.95    500       2805.42
385      0.0003        400      4                0.003         0.1                      0.1            0.8               0                  0.4                   1180.47  1189.91         9.44      3.41    463       2806.44
391      0.0003        400      4                0.0045        0.1                      0.1            0.8               0                  0.4                   1166.59  1175.85         9.26      3.22    470       2817.49
125      0.0003        400      10               0.0045        0.1                      0.1            0.5               0                  0.25                  1243.42  1253.21         9.79      2.12    498       2868.08
78       0.00025       400      4                0.003         0.2                      0.1            0.2               0                  0.25                  1314.35  1326.91         12.56     2.14    610       2869.18
89       0.0003        400      10               0.0045        0.2                      0.1            0.2               0                  0.25                  1299.80  1309.63         9.83      2.27    496       2873.78
120      0.00025       400      4                0.0045        0.1                      0.1            0.5               0                  0.25                  1300.07  1311.67         11.60     2.09    600       2873.81
191      0.0003        400      10               0.003         0.2                      0.1            0.8               0                  0.25                  1366.18  1376.79         10.61     2.56    510       2893.85
24       0.00025       400      4                0.003         0.2                      0.1            0                 0                  0.25                  1272.89  1285.34         12.44     2.23    612       2917.63
9        0.0003        400      7                0.003         0.1                      0.1            0                 0                  0.25                  1185.69  1195.90         10.21     1.92    497       2937.58
282      0.00025       400      4                0.0045        0.1                      0.1            0.2               0                  0.4                   1346.99  1358.10         11.11     2.45    579       2948.02
192      0.00025       400      4                0.0045        0.2                      0.1            0.8               0                  0.25                  1258.71  1270.46         11.75     2.00    603       2952.87
123      0.0003        400      7                0.0045        0.1                      0.1            0.5               0                  0.25                  1179.48  1189.38         9.90      1.99    499       2954.03
107      0.0003        400      10               0.0045        0.4                      0.1            0.2               0                  0.25                  1289.42  1299.37         9.95      2.30    497       2955.88
355      0.0003        400      4                0.0045        0.2                      0.1            0.5               0                  0.4                   1195.67  1204.98         9.31      3.07    466       2955.96
377      0.0003        400      10               0.0045        0.4                      0.1            0.5               0                  0.4                   1249.86  1259.37         9.51      2.56    477       2962.10
42       0.00025       400      4                0.003         0.4                      0.1            0                 0                  0.25                  1279.21  1291.96         12.74     2.32    612       2994.01
354      0.00025       400      4                0.0045        0.2                      0.1            0.5               0                  0.4                   1310.70  1321.84         11.14     2.41    569       2997.87
15       0.0003        400      7                0.0045        0.1                      0.1            0                 0                  0.25                  1192.46  1202.16         9.70      2.25    500       3004.95
161      0.0003        400      10               0.0045        0.4                      0.1            0.5               0                  0.25                  1270.63  1280.74         10.11     2.68    501       3006.77
135      0.0003        400      7                0.003         0.2                      0.1            0.5               0                  0.25                  1244.32  1255.07         10.74     2.19    509       3007.85
12       0.00025       400      4                0.0045        0.1                      0.1            0                 0                  0.25                  1298.70  1310.24         11.54     1.94    593       3011.84
429      0.0003        400      7                0.0045        0.4                      0.1            0.8               0                  0.4                   1224.02  1233.42         9.40      2.26    471       3021.21
395      0.0003        400      10               0.0045        0.1                      0.1            0.8               0                  0.4                   1319.20  1328.32         9.13      2.21    466       3025.40
153      0.0003        400      7                0.003         0.4                      0.1            0.5               0                  0.25                  1273.39  1284.36         10.96     2.24    508       3033.39
287      0.0003        400      10               0.0045        0.1                      0.1            0.2               0                  0.4                   1332.48  1341.89         9.41      2.46    476       3036.37
246      0.00025       400      4                0.0045        0.2                      0.1            0                 0                  0.4                   1267.75  1279.00         11.25     2.24    572       3040.45
99       0.0003        400      7                0.003         0.4                      0.1            0.2               0                  0.25                  1278.69  1289.75         11.07     2.53    505       3047.03
249      0.0003        400      7                0.0045        0.2                      0.1            0                 0                  0.4                   1278.13  1287.46         9.33      2.53    469       3047.58
117      0.0003        400      7                0.003         0.1                      0.1            0.5               0                  0.25                  1183.55  1193.88         10.32     2.23    499       3052.93
60       0.00025       400      4                0.003         0.1                      0.1            0.2               0                  0.25                  1343.35  1355.64         12.29     2.11    609       3059.57
231      0.0003        400      7                0.0045        0.1                      0.1            0                 0                  0.4                   1323.15  1332.63         9.49      2.55    480       3071.23
351      0.0003        400      7                0.003         0.2                      0.1            0.5               0                  0.4                   1264.93  1274.80         9.87      2.30    473       3074.84
97       0.0003        400      4                0.003         0.4                      0.1            0.2               0                  0.25                  1402.18  1412.91         10.73     3.34    496       3078.09
285      0.0003        400      7                0.0045        0.1                      0.1            0.2               0                  0.4                   1157.90  1167.27         9.36      2.03    474       3083.13
211      0.0003        400      4                0.0045        0.4                      0.1            0.8               0                  0.25                  1287.91  1297.43         9.52      4.00    482       3083.55
66       0.00025       400      4                0.0045        0.1                      0.1            0.2               0                  0.25                  1269.10  1280.67         11.58     2.44    594       3091.01
374      0.00025       400      7                0.0045        0.4                      0.1            0.5               0                  0.4                   1341.87  1353.44         11.56     2.19    582       3095.40
359      0.0003        400      10               0.0045        0.2                      0.1            0.5               0                  0.4                   1361.05  1370.61         9.56      3.02    476       3104.63
169      0.0003        400      4                0.003         0.1                      0.1            0.8               0                  0.25                  1370.63  1380.80         10.16     2.70    496       3105.59
171      0.0003        400      7                0.003         0.1                      0.1            0.8               0                  0.25                  1230.34  1240.79         10.44     2.13    510       3110.28
283      0.0003        400      4                0.0045        0.1                      0.1            0.2               0                  0.4                   1213.83  1222.91         9.09      3.47    471       3112.18
69       0.0003        400      7                0.0045        0.1                      0.1            0.2               0                  0.25                  1219.77  1229.48         9.70      2.19    496       3115.84
84       0.00025       400      4                0.0045        0.2                      0.1            0.2               0                  0.25                  1303.38  1315.08         11.70     2.10    607       3116.67
284      0.00025       400      7                0.0045        0.1                      0.1            0.2               0                  0.4                   1412.82  1423.97         11.15     2.17    581       3117.72
393      0.0003        400      7                0.0045        0.1                      0.1            0.8               0                  0.4                   1243.47  1252.69         9.22      2.60    472       3120.28
53       0.0003        400      10               0.0045        0.4                      0.1            0                 0                  0.25                  1343.89  1353.83         9.94      2.77    499       3140.07
31       0.0003        400      4                0.0045        0.2                      0.1            0                 0                  0.25                  1231.26  1240.78         9.52      2.66    485       3140.45
229      0.0003        400      4                0.0045        0.1                      0.1            0                 0                  0.4                   1349.23  1358.29         9.06      3.70    470       3140.70
114      0.00025       400      4                0.003         0.1                      0.1            0.5               0                  0.25                  1341.04  1353.16         12.12     2.45    604       3146.49
338      0.00025       400      7                0.0045        0.1                      0.1            0.5               0                  0.4                   1435.47  1446.82         11.35     2.26    580       3147.29
336      0.00025       400      4                0.0045        0.1                      0.1            0.5               0                  0.4                   1334.76  1345.72         10.96     2.49    571       3156.54
339      0.0003        400      7                0.0045        0.1                      0.1            0.5               0                  0.4                   1266.48  1275.78         9.30      2.24    474       3159.16
151      0.0003        400      4                0.003         0.4                      0.1            0.5               0                  0.25                  1332.95  1343.62         10.67     2.38    500       3161.97
408      0.00025       400      4                0.0045        0.2                      0.1            0.8               0                  0.4                   1289.78  1301.09         11.30     2.15    581       3168.64
138      0.00025       400      4                0.0045        0.2                      0.1            0.5               0                  0.25                  1333.97  1345.70         11.73     2.07    602       3173.30
102      0.00025       400      4                0.0045        0.4                      0.1            0.2               0                  0.25                  1376.22  1388.21         11.99     2.43    599       3174.87
410      0.00025       400      7                0.0045        0.2                      0.1            0.8               0                  0.4                   1333.34  1344.77         11.43     2.40    580       3176.39
337      0.0003        400      4                0.0045        0.1                      0.1            0.5               0                  0.4                   1298.94  1307.89         8.95      4.26    470       3186.03
428      0.00025       400      7                0.0045        0.4                      0.1            0.8               0                  0.4                   1285.13  1296.61         11.48     2.08    580       3193.88
390      0.00025       400      4                0.0045        0.1                      0.1            0.8               0                  0.4                   1311.92  1323.11         11.19     2.69    576       3207.30
96       0.00025       400      4                0.003         0.4                      0.1            0.2               0                  0.25                  1284.18  1296.95         12.77     2.03    607       3207.52
265      0.0003        400      4                0.0045        0.4                      0.1            0                 0                  0.4                   1273.35  1282.65         9.30      3.27    466       3209.73
17       0.0003        400      10               0.0045        0.1                      0.1            0                 0                  0.25                  1319.64  1329.54         9.90      2.46    502       3220.26
87       0.0003        400      7                0.0045        0.2                      0.1            0.2               0                  0.25                  1299.10  1309.04         9.94      2.23    497       3226.18
411      0.0003        400      7                0.0045        0.2                      0.1            0.8               0                  0.4                   1234.13  1243.71         9.58      2.32    479       3230.95
81       0.0003        400      7                0.003         0.2                      0.1            0.2               0                  0.25                  1336.26  1346.70         10.43     2.13    503       3234.17
30       0.00025       400      4                0.0045        0.2                      0.1            0                 0                  0.25                  1210.78  1222.58         11.80     1.74    604       3238.08
228      0.00025       400      4                0.0045        0.1                      0.1            0                 0                  0.4                   1337.61  1348.69         11.08     2.45    581       3240.84
384      0.00025       400      4                0.003         0.1                      0.1            0.8               0                  0.4                   1326.75  1338.42         11.67     2.31    580       3244.15
71       0.0003        400      10               0.0045        0.1                      0.1            0.2               0                  0.25                  1298.15  1308.12         9.97      2.36    505       3251.31
61       0.0003        400      4                0.003         0.1                      0.1            0.2               0                  0.25                  1245.43  1255.39         9.96      3.31    489       3251.89
105      0.0003        400      7                0.0045        0.4                      0.1            0.2               0                  0.25                  1255.73  1265.76         10.03     2.30    501       3255.03
247      0.0003        400      4                0.0045        0.2                      0.1            0                 0                  0.4                   1317.06  1326.31         9.24      3.48    474       3261.84
79       0.0003        400      4                0.003         0.2                      0.1            0.2               0                  0.25                  1207.30  1217.57         10.27     2.96    491       3262.61
177      0.0003        400      7                0.0045        0.1                      0.1            0.8               0                  0.25                  1326.95  1336.65         9.70      2.17    499       3265.17
375      0.0003        400      7                0.0045        0.4                      0.1            0.5               0                  0.4                   1268.34  1277.72         9.38      2.38    462       3273.91
63       0.0003        400      7                0.003         0.1                      0.1            0.2               0                  0.25                  1316.19  1326.56         10.38     2.60    502       3282.26
204      0.00025       400      4                0.003         0.4                      0.1            0.8               0                  0.25                  1374.63  1387.29         12.65     1.96    605       3282.95
357      0.0003        400      7                0.0045        0.2                      0.1            0.5               0                  0.4                   1321.51  1330.97         9.46      2.46    472       3284.16
213      0.0003        400      7                0.0045        0.4                      0.1            0.8               0                  0.25                  1328.00  1338.06         10.06     2.60    501       3284.85
168      0.00025       400      4                0.003         0.1                      0.1            0.8               0                  0.25                  1419.25  1431.49         12.25     2.12    611       3289.31
223      0.0003        400      4                0.003         0.1                      0.1            0                 0                  0.4                   1290.32  1299.85         9.54      3.87    468       3290.39
330      0.00025       400      4                0.003         0.1                      0.1            0.5               0                  0.4                   1320.05  1331.66         11.61     2.72    580       3301.08
209      0.0003        400      10               0.003         0.4                      0.1            0.8               0                  0.25                  1427.68  1438.75         11.08     2.48    517       3304.03
305      0.0003        400      10               0.0045        0.2                      0.1            0.2               0                  0.4                   1320.02  1329.59         9.57      2.64    478       3307.20
207      0.0003        400      7                0.003         0.4                      0.1            0.8               0                  0.25                  1311.58  1322.60         11.02     2.28    502       3308.41
186      0.00025       400      4                0.003         0.2                      0.1            0.8               0                  0.25                  1332.23  1344.61         12.38     2.01    614       3312.18
407      0.0003        400      10               0.003         0.2                      0.1            0.8               0                  0.4                   1350.12  1360.14         10.01     2.76    478       3321.75
413      0.0003        400      10               0.0045        0.2                      0.1            0.8               0                  0.4                   1324.97  1334.36         9.39      3.00    474       3325.94
318      0.00025       400      4                0.0045        0.4                      0.1            0.2               0                  0.4                   1358.23  1369.59         11.36     2.34    573       3326.43
51       0.0003        400      7                0.0045        0.4                      0.1            0                 0                  0.25                  1296.89  1306.98         10.08     2.56    499       3334.95
27       0.0003        400      7                0.003         0.2                      0.1            0                 0                  0.25                  1271.32  1281.69         10.37     2.60    497       3335.33
230      0.00025       400      7                0.0045        0.1                      0.1            0                 0                  0.4                   1435.89  1447.02         11.13     2.41    582       3345.83
341      0.0003        400      10               0.0045        0.1                      0.1            0.5               0                  0.4                   1259.18  1268.45         9.27      2.75    472       3346.58
133      0.0003        400      4                0.003         0.2                      0.1            0.5               0                  0.25                  1373.22  1383.56         10.34     3.72    493       3351.67
323      0.0003        400      10               0.0045        0.4                      0.1            0.2               0                  0.4                   1303.03  1312.74         9.71      2.91    478       3354.21
373      0.0003        400      4                0.0045        0.4                      0.1            0.5               0                  0.4                   1300.72  1309.90         9.17      3.56    465       3362.09
173      0.0003        400      10               0.003         0.1                      0.1            0.8               0                  0.25                  1325.29  1335.63         10.34     3.06    504       3365.67
141      0.0003        400      7                0.0045        0.2                      0.1            0.5               0                  0.25                  1373.72  1383.64         9.92      3.12    496       3372.59
197      0.0003        400      10               0.0045        0.2                      0.1            0.8               0                  0.25                  1395.79  1405.65         9.86      3.14    499       3379.56
150      0.00025       400      4                0.003         0.4                      0.1            0.5               0                  0.25                  1376.61  1389.46         12.85     2.02    609       3382.76
215      0.0003        400      10               0.0045        0.4                      0.1            0.8               0                  0.25                  1338.82  1348.93         10.11     2.61    503       3387.00
297      0.0003        400      7                0.003         0.2                      0.1            0.2               0                  0.4                   1305.30  1315.56         10.27     2.23    482       3388.27
29       0.0003        400      10               0.003         0.2                      0.1            0                 0                  0.25                  1408.76  1419.18         10.43     2.65    498       3389.34
392      0.00025       400      7                0.0045        0.1                      0.1            0.8               0                  0.4                   1470.45  1481.72         11.27     2.36    576       3393.26
267      0.0003        400      7                0.0045        0.4                      0.1            0                 0                  0.4                   1279.56  1289.12         9.57      2.39    469       3394.00
332      0.00025       400      7                0.003         0.1                      0.1            0.5               0                  0.4                   1412.86  1424.87         12.00     2.29    589       3395.76
300      0.00025       400      4                0.0045        0.2                      0.1            0.2               0                  0.4                   1378.17  1389.33         11.16     2.82    570       3397.86
25       0.0003        400      4                0.003         0.2                      0.1            0                 0                  0.25                  1233.89  1244.03         10.14     2.77    492       3399.13
276      0.00025       400      4                0.003         0.1                      0.1            0.2               0                  0.4                   1387.85  1399.62         11.77     2.54    587       3403.81
303      0.0003        400      7                0.0045        0.2                      0.1            0.2               0                  0.4                   1239.64  1249.04         9.40      2.54    471       3408.50
321      0.0003        400      7                0.0045        0.4                      0.1            0.2               0                  0.4                   1285.10  1294.51         9.41      2.23    464       3423.40
35       0.0003        400      10               0.0045        0.2                      0.1            0                 0                  0.25                  1347.01  1356.94         9.93      2.47    500       3426.30
422      0.00025       400      7                0.003         0.4                      0.1            0.8               0                  0.4                   1477.74  1490.20         12.46     2.24    591       3427.79
14       0.00025       400      7                0.0045        0.1                      0.1            0                 0                  0.25                  1358.36  1369.98         11.62     2.43    604       3428.20
159      0.0003        400      7                0.0045        0.4                      0.1            0.5               0                  0.25                  1307.02  1316.95         9.93      2.24    497       3429.00
205      0.0003        400      4                0.003         0.4                      0.1            0.8               0                  0.25                  1383.47  1394.10         10.63     2.29    497       3432.50
389      0.0003        400      10               0.003         0.1                      0.1            0.8               0                  0.4                   1396.47  1406.44         9.97      2.70    482       3433.60
45       0.0003        400      7                0.003         0.4                      0.1            0                 0                  0.25                  1349.11  1359.98         10.87     2.33    509       3438.53
83       0.0003        400      10               0.003         0.2                      0.1            0.2               0                  0.25                  1387.04  1397.50         10.46     2.82    500       3439.69
280      0.00025       400      10               0.003         0.1                      0.1            0.2               0                  0.4                   1398.67  1410.63         11.97     2.58    594       3445.56
295      0.0003        400      4                0.003         0.2                      0.1            0.2               0                  0.4                   1273.67  1283.59         9.92      3.72    472       3455.12
179      0.0003        400      10               0.0045        0.1                      0.1            0.8               0                  0.25                  1310.78  1320.78         10.00     2.60    502       3464.99
245      0.0003        400      10               0.003         0.2                      0.1            0                 0                  0.4                   1350.51  1360.48         9.97      3.01    473       3473.34
304      0.00025       400      10               0.0045        0.2                      0.1            0.2               0                  0.4                   1509.12  1520.73         11.61     2.66    589       3473.69
240      0.00025       400      4                0.003         0.2                      0.1            0                 0                  0.4                   1334.34  1346.28         11.94     2.70    589       3474.11
134      0.00025       400      7                0.003         0.2                      0.1            0.5               0                  0.25                  1516.17  1528.90         12.73     2.31    618       3486.70
279      0.0003        400      7                0.003         0.1                      0.1            0.2               0                  0.4                   1309.58  1319.46         9.88      2.17    470       3490.61
277      0.0003        400      4                0.003         0.1                      0.1            0.2               0                  0.4                   1251.66  1261.10         9.44      3.21    466       3491.61
372      0.00025       400      4                0.0045        0.4                      0.1            0.5               0                  0.4                   1360.37  1371.78         11.40     3.07    575       3492.38
426      0.00025       400      4                0.0045        0.4                      0.1            0.8               0                  0.4                   1386.83  1398.16         11.33     2.61    575       3498.72
67       0.0003        400      4                0.0045        0.1                      0.1            0.2               0                  0.25                  1313.65  1322.86         9.21      3.18    491       3499.65
331      0.0003        400      4                0.003         0.1                      0.1            0.5               0                  0.4                   1308.55  1318.32         9.77      5.78    473       3507.76
251      0.0003        400      10               0.0045        0.2                      0.1            0                 0                  0.4                   1451.06  1460.50         9.43      2.95    473       3508.80
193      0.0003        400      4                0.0045        0.2                      0.1            0.8               0                  0.25                  1279.64  1289.10         9.46      3.27    486       3509.16
48       0.00025       400      4                0.0045        0.4                      0.1            0                 0                  0.25                  1346.88  1358.72         11.83     2.46    605       3511.42
409      0.0003        400      4                0.0045        0.2                      0.1            0.8               0                  0.4                   1309.96  1319.07         9.11      3.99    458       3520.93
158      0.00025       400      7                0.0045        0.4                      0.1            0.5               0                  0.25                  1362.64  1374.84         12.20     2.32    611       3522.00
187      0.0003        400      4                0.003         0.2                      0.1            0.8               0                  0.25                  1336.36  1346.51         10.15     2.71    490       3522.22
156      0.00025       400      4                0.0045        0.4                      0.1            0.5               0                  0.25                  1365.04  1376.97         11.93     2.20    601       3527.51
137      0.0003        400      10               0.003         0.2                      0.1            0.5               0                  0.25                  1412.70  1423.49         10.79     3.33    513       3527.87
302      0.00025       400      7                0.0045        0.2                      0.1            0.2               0                  0.4                   1458.02  1469.57         11.55     2.45    582       3529.39
387      0.0003        400      7                0.003         0.1                      0.1            0.8               0                  0.4                   1318.07  1327.76         9.69      2.59    472       3534.68
358      0.00025       400      10               0.0045        0.2                      0.1            0.5               0                  0.4                   1435.32  1446.88         11.55     2.74    588       3541.82
319      0.0003        400      4                0.0045        0.4                      0.1            0.2               0                  0.4                   1292.17  1301.26         9.09      4.46    463       3544.96
80       0.00025       400      7                0.003         0.2                      0.1            0.2               0                  0.25                  1405.61  1418.24         12.63     2.32    619       3548.15
152      0.00025       400      7                0.003         0.4                      0.1            0.5               0                  0.25                  1412.62  1425.62         13.01     2.48    613       3554.93
132      0.00025       400      4                0.003         0.2                      0.1            0.5               0                  0.25                  1451.95  1464.47         12.52     2.41    614       3559.18
349      0.0003        400      4                0.003         0.2                      0.1            0.5               0                  0.4                   1277.92  1287.87         9.95      3.17    469       3561.46
281      0.0003        400      10               0.003         0.1                      0.1            0.2               0                  0.4                   1319.01  1328.84         9.83      3.65    479       3561.63
188      0.00025       400      7                0.003         0.2                      0.1            0.8               0                  0.25                  1286.54  1299.02         12.49     1.91    615       3563.47
104      0.00025       400      7                0.0045        0.4                      0.1            0.2               0                  0.25                  1438.75  1450.85         12.10     2.18    609       3565.07
225      0.0003        400      7                0.003         0.1                      0.1            0                 0                  0.4                   1258.87  1268.64         9.76      2.07    477       3568.79
403      0.0003        400      4                0.003         0.2                      0.1            0.8               0                  0.4                   1330.64  1340.47         9.83      4.90    470       3572.43
116      0.00025       400      7                0.003         0.1                      0.1            0.5               0                  0.25                  1442.75  1455.23         12.48     2.10    621       3578.63
269      0.0003        400      10               0.0045        0.4                      0.1            0                 0                  0.4                   1338.54  1348.14         9.60      2.89    476       3587.59
101      0.0003        400      10               0.003         0.4                      0.1            0.2               0                  0.25                  1402.23  1413.25         11.02     2.55    511       3592.74
34       0.00025       400      10               0.0045        0.2                      0.1            0                 0                  0.25                  1398.80  1410.70         11.89     2.92    608       3603.27
155      0.0003        400      10               0.003         0.4                      0.1            0.5               0                  0.25                  1432.74  1443.76         11.02     2.67    513       3606.24
421      0.0003        400      4                0.003         0.4                      0.1            0.8               0                  0.4                   1438.48  1448.90         10.43     3.65    483       3606.66
405      0.0003        400      7                0.003         0.2                      0.1            0.8               0                  0.4                   1305.40  1315.49         10.10     2.42    482       3626.36
157      0.0003        400      4                0.0045        0.4                      0.1            0.5               0                  0.25                  1357.79  1367.43         9.64      3.54    483       3628.65
356      0.00025       400      7                0.0045        0.2                      0.1            0.5               0                  0.4                   1441.42  1452.85         11.43     3.02    584       3632.15
44       0.00025       400      7                0.003         0.4                      0.1            0                 0                  0.25                  1438.91  1451.86         12.96     2.55    614       3648.02
16       0.00025       400      10               0.0045        0.1                      0.1            0                 0                  0.25                  1462.68  1474.54         11.86     2.71    612       3651.30
222      0.00025       400      4                0.003         0.1                      0.1            0                 0                  0.4                   1403.19  1414.79         11.60     2.69    580       3653.94
175      0.0003        400      4                0.0045        0.1                      0.1            0.8               0                  0.25                  1173.99  1183.52         9.53      2.70    489       3659.43
210      0.00025       400      4                0.0045        0.4                      0.1            0.8               0                  0.25                  1322.99  1334.84         11.85     2.16    599       3664.47
50       0.00025       400      7                0.0045        0.4                      0.1            0                 0                  0.25                  1392.26  1404.44         12.18     1.97    609       3666.62
233      0.0003        400      10               0.0045        0.1                      0.1            0                 0                  0.4                   1350.81  1360.20         9.40      3.25    475       3668.08
241      0.0003        400      4                0.003         0.2                      0.1            0                 0                  0.4                   1339.40  1349.35         9.95      4.32    475       3672.52
348      0.00025       400      4                0.003         0.2                      0.1            0.5               0                  0.4                   1417.76  1429.70         11.93     2.72    582       3681.97
103      0.0003        400      4                0.0045        0.4                      0.1            0.2               0                  0.25                  1263.08  1272.64         9.56      3.36    485       3685.11
122      0.00025       400      7                0.0045        0.1                      0.1            0.5               0                  0.25                  1427.24  1438.98         11.73     2.57    601       3688.64
85       0.0003        400      4                0.0045        0.2                      0.1            0.2               0                  0.25                  1315.31  1324.88         9.56      2.73    488       3694.40
47       0.0003        400      10               0.003         0.4                      0.1            0                 0                  0.25                  1392.52  1403.51         10.99     2.54    512       3707.95
259      0.0003        400      4                0.003         0.4                      0.1            0                 0                  0.4                   1385.55  1395.73         10.18     4.80    472       3710.71
320      0.00025       400      7                0.0045        0.4                      0.1            0.2               0                  0.4                   1411.24  1423.00         11.76     2.61    591       3711.84
178      0.00025       400      10               0.0045        0.1                      0.1            0.8               0                  0.25                  1488.28  1500.33         12.05     2.62    615       3713.41
65       0.0003        400      10               0.003         0.1                      0.1            0.2               0                  0.25                  1436.21  1446.91         10.70     2.95    506       3715.67
226      0.00025       400      10               0.003         0.1                      0.1            0                 0                  0.4                   1452.14  1464.24         12.10     2.92    595       3717.27
250      0.00025       400      10               0.0045        0.2                      0.1            0                 0                  0.4                   1447.53  1459.23         11.70     2.52    591       3718.23
119      0.0003        400      10               0.003         0.1                      0.1            0.5               0                  0.25                  1395.82  1406.28         10.47     3.13    510       3718.84
369      0.0003        400      7                0.003         0.4                      0.1            0.5               0                  0.4                   1341.51  1352.18         10.67     2.62    484       3719.31
266      0.00025       400      7                0.0045        0.4                      0.1            0                 0                  0.4                   1443.54  1455.14         11.60     2.41    582       3723.30
340      0.00025       400      10               0.0045        0.1                      0.1            0.5               0                  0.4                   1449.47  1460.76         11.29     2.70    590       3726.91
189      0.0003        400      7                0.003         0.2                      0.1            0.8               0                  0.25                  1308.03  1318.63         10.60     2.79    505       3746.12
11       0.0003        400      10               0.003         0.1                      0.1            0                 0                  0.25                  1311.99  1322.38         10.40     2.98    507       3748.99
431      0.0003        400      10               0.0045        0.4                      0.1            0.8               0                  0.4                   1375.34  1384.87         9.53      3.12    477       3753.56
111      0.0003        400      7                0.0015        0.1                      0.1            0.5               0                  0.25                  1386.02  1408.35         22.34     2.45    674       3770.34
427      0.0003        400      4                0.0045        0.4                      0.1            0.8               0                  0.4                   1379.49  1388.80         9.32      5.01    466       3773.35
13       0.0003        400      4                0.0045        0.1                      0.1            0                 0                  0.25                  1193.03  1202.40         9.37      2.22    491       3778.03
49       0.0003        400      4                0.0045        0.4                      0.1            0                 0                  0.25                  1213.76  1223.45         9.70      2.26    486       3786.74
402      0.00025       400      4                0.003         0.2                      0.1            0.8               0                  0.4                   1388.86  1400.81         11.95     2.53    586       3792.97
268      0.00025       400      10               0.0045        0.4                      0.1            0                 0                  0.4                   1512.09  1523.64         11.55     3.20    582       3816.83
64       0.00025       400      10               0.003         0.1                      0.1            0.2               0                  0.25                  1477.40  1489.91         12.51     2.67    618       3825.24
224      0.00025       400      7                0.003         0.1                      0.1            0                 0                  0.4                   1414.06  1425.84         11.78     2.31    588       3827.33
176      0.00025       400      7                0.0045        0.1                      0.1            0.8               0                  0.25                  1443.72  1455.29         11.57     2.46    602       3827.44
430      0.00025       400      10               0.0045        0.4                      0.1            0.8               0                  0.4                   1452.72  1464.44         11.71     2.61    587       3828.32
68       0.00025       400      7                0.0045        0.1                      0.1            0.2               0                  0.25                  1439.23  1451.01         11.78     2.02    607       3830.86
286      0.00025       400      10               0.0045        0.1                      0.1            0.2               0                  0.4                   1559.28  1570.69         11.41     2.72    579       3845.74
98       0.00025       400      7                0.003         0.4                      0.1            0.2               0                  0.25                  1540.10  1553.07         12.98     2.32    614       3848.49
367      0.0003        400      4                0.003         0.4                      0.1            0.5               0                  0.4                   1406.38  1416.63         10.25     4.24    470       3849.54
139      0.0003        400      4                0.0045        0.2                      0.1            0.5               0                  0.25                  1374.75  1384.39         9.64      3.23    490       3870.51
140      0.00025       400      7                0.0045        0.2                      0.1            0.5               0                  0.25                  1408.76  1420.57         11.81     2.60    608       3887.79
100      0.00025       400      10               0.003         0.4                      0.1            0.2               0                  0.25                  1624.04  1637.40         13.35     2.45    626       3892.31
212      0.00025       400      7                0.0045        0.4                      0.1            0.8               0                  0.25                  1455.23  1467.47         12.24     2.27    613       3899.17
313      0.0003        400      4                0.003         0.4                      0.1            0.2               0                  0.4                   1358.07  1368.30         10.23     3.17    466       3902.84
243      0.0003        400      7                0.003         0.2                      0.1            0                 0                  0.4                   1328.10  1338.00         9.90      2.52    473       3904.74
8        0.00025       400      7                0.003         0.1                      0.1            0                 0                  0.25                  1371.30  1383.49         12.19     2.40    614       3904.93
154      0.00025       400      10               0.003         0.4                      0.1            0.5               0                  0.25                  1473.98  1487.16         13.18     2.74    628       3910.52
232      0.00025       400      10               0.0045        0.1                      0.1            0                 0                  0.4                   1467.88  1479.44         11.56     2.58    588       3911.32
43       0.0003        400      4                0.003         0.4                      0.1            0                 0                  0.25                  1385.97  1396.54         10.57     2.70    493       3915.13
333      0.0003        400      7                0.003         0.1                      0.1            0.5               0                  0.4                   1301.55  1311.40         9.85      3.19    481       3917.03
82       0.00025       400      10               0.003         0.2                      0.1            0.2               0                  0.25                  1533.61  1546.48         12.87     2.78    628       3920.78
412      0.00025       400      10               0.0045        0.2                      0.1            0.8               0                  0.4                   1476.64  1488.05         11.41     2.93    588       3926.15
370      0.00025       400      10               0.003         0.4                      0.1            0.5               0                  0.4                   1527.26  1540.06         12.80     3.42    600       3927.50
315      0.0003        400      7                0.003         0.4                      0.1            0.2               0                  0.4                   1351.38  1362.10         10.72     2.55    484       3932.05
248      0.00025       400      7                0.0045        0.2                      0.1            0                 0                  0.4                   1439.70  1451.24         11.54     2.29    580       3939.62
294      0.00025       400      4                0.003         0.2                      0.1            0.2               0                  0.4                   1434.22  1446.23         12.00     2.95    591       3941.83
353      0.0003        400      10               0.003         0.2                      0.1            0.5               0                  0.4                   1426.09  1436.46         10.37     3.02    481       3956.90
206      0.00025       400      7                0.003         0.4                      0.1            0.8               0                  0.25                  1549.45  1562.49         13.04     3.26    610       3958.36
174      0.00025       400      4                0.0045        0.1                      0.1            0.8               0                  0.25                  1395.40  1406.91         11.50     2.25    600       3967.32
298      0.00025       400      10               0.003         0.2                      0.1            0.2               0                  0.4                   1597.32  1609.61         12.28     2.81    597       3985.59
261      0.0003        400      7                0.003         0.4                      0.1            0                 0                  0.4                   1304.37  1315.07         10.69     2.54    487       3986.77
406      0.00025       400      10               0.003         0.2                      0.1            0.8               0                  0.4                   1475.42  1487.59         12.17     2.84    589       3989.72
88       0.00025       400      10               0.0045        0.2                      0.1            0.2               0                  0.25                  1449.54  1461.65         12.10     2.25    612       3993.03
86       0.00025       400      7                0.0045        0.2                      0.1            0.2               0                  0.25                  1504.73  1516.70         11.97     2.45    608       4007.88
335      0.0003        400      10               0.003         0.1                      0.1            0.5               0                  0.4                   1410.34  1420.13         9.79      3.20    477       4020.04
160      0.00025       400      10               0.0045        0.4                      0.1            0.5               0                  0.25                  1462.05  1474.26         12.21     2.44    617       4029.82
271      0.0003        400      4                0.0015        0.1                      0.1            0.2               0                  0.4                   1414.29  1436.51         22.21     4.36    642       4037.89
172      0.00025       400      10               0.003         0.1                      0.1            0.8               0                  0.25                  1564.26  1576.75         12.49     2.60    623       4038.14
118      0.00025       400      10               0.003         0.1                      0.1            0.5               0                  0.25                  1463.77  1476.45         12.67     2.65    625       4038.25
425      0.0003        400      10               0.003         0.4                      0.1            0.8               0                  0.4                   1487.70  1498.57         10.87     2.99    480       4042.71
121      0.0003        400      4                0.0045        0.1                      0.1            0.5               0                  0.25                  1330.08  1339.43         9.36      2.85    491       4052.72
194      0.00025       400      7                0.0045        0.2                      0.1            0.8               0                  0.25                  1480.88  1492.78         11.91     2.08    611       4053.52
322      0.00025       400      10               0.0045        0.4                      0.1            0.2               0                  0.4                   1459.42  1471.29         11.87     2.66    590       4062.80
386      0.00025       400      7                0.003         0.1                      0.1            0.8               0                  0.4                   1463.06  1474.74         11.68     2.58    584       4063.11
394      0.00025       400      10               0.0045        0.1                      0.1            0.8               0                  0.4                   1489.20  1500.50         11.30     2.55    587       4065.56
317      0.0003        400      10               0.003         0.4                      0.1            0.2               0                  0.4                   1439.78  1450.19         10.41     2.83    476       4083.99
258      0.00025       400      4                0.003         0.4                      0.1            0                 0                  0.4                   1481.33  1493.73         12.40     2.42    584       4085.62
420      0.00025       400      4                0.003         0.4                      0.1            0.8               0                  0.4                   1485.31  1497.71         12.40     2.84    587       4092.01
260      0.00025       400      7                0.003         0.4                      0.1            0                 0                  0.4                   1531.86  1544.44         12.58     2.57    595       4103.06
312      0.00025       400      4                0.003         0.4                      0.1            0.2               0                  0.4                   1485.94  1498.45         12.51     2.66    584       4109.15
227      0.0003        400      10               0.003         0.1                      0.1            0                 0                  0.4                   1407.22  1417.00         9.79      2.89    474       4116.73
415      0.0003        400      4                0.0015        0.4                      0.1            0.8               0                  0.4                   1624.66  1656.56         31.90     2.70    725       4119.27
376      0.00025       400      10               0.0045        0.4                      0.1            0.5               0                  0.4                   1572.54  1584.27         11.73     3.37    592       4124.78
366      0.00025       400      4                0.003         0.4                      0.1            0.5               0                  0.4                   1500.69  1513.21         12.51     2.63    588       4131.34
350      0.00025       400      7                0.003         0.2                      0.1            0.5               0                  0.4                   1444.94  1457.09         12.15     2.43    587       4133.43
106      0.00025       400      10               0.0045        0.4                      0.1            0.2               0                  0.25                  1500.16  1512.49         12.34     2.82    621       4134.37
26       0.00025       400      7                0.003         0.2                      0.1            0                 0                  0.25                  1410.52  1423.20         12.67     2.41    613       4137.87
28       0.00025       400      10               0.003         0.2                      0.1            0                 0                  0.25                  1579.27  1591.92         12.65     3.03    615       4141.89
423      0.0003        400      7                0.003         0.4                      0.1            0.8               0                  0.4                   1447.82  1458.73         10.91     3.10    483       4149.72
253      0.0003        400      4                0.0015        0.4                      0.1            0                 0                  0.4                   1597.44  1630.21         32.77     3.02    733       4157.43
214      0.00025       400      10               0.0045        0.4                      0.1            0.8               0                  0.25                  1455.78  1467.92         12.15     2.91    605       4157.63
190      0.00025       400      10               0.003         0.2                      0.1            0.8               0                  0.25                  1542.72  1555.52         12.80     2.68    623       4158.65
62       0.00025       400      7                0.003         0.1                      0.1            0.2               0                  0.25                  1501.88  1514.45         12.57     2.67    624       4170.83
208      0.00025       400      10               0.003         0.4                      0.1            0.8               0                  0.25                  1650.48  1663.47         13.00     2.79    621       4182.48
170      0.00025       400      7                0.003         0.1                      0.1            0.8               0                  0.25                  1474.78  1487.22         12.44     2.91    618       4183.01
404      0.00025       400      7                0.003         0.2                      0.1            0.8               0                  0.4                   1482.83  1494.80         11.97     2.27    585       4195.63
307      0.0003        400      4                0.0015        0.4                      0.1            0.2               0                  0.4                   1642.25  1674.16         31.91     2.71    718       4227.07
32       0.00025       400      7                0.0045        0.2                      0.1            0                 0                  0.25                  1498.52  1510.75         12.22     2.49    609       4250.85
334      0.00025       400      10               0.003         0.1                      0.1            0.5               0                  0.4                   1541.07  1553.14         12.08     2.95    590       4253.28
371      0.0003        400      10               0.003         0.4                      0.1            0.5               0                  0.4                   1483.16  1493.90         10.74     3.14    485       4260.74
296      0.00025       400      7                0.003         0.2                      0.1            0.2               0                  0.4                   1541.05  1553.12         12.07     2.23    594       4262.04
10       0.00025       400      10               0.003         0.1                      0.1            0                 0                  0.25                  1567.35  1579.87         12.52     3.58    626       4266.61
136      0.00025       400      10               0.003         0.2                      0.1            0.5               0                  0.25                  1578.46  1591.43         12.97     3.32    631       4268.71
7        0.0003        400      4                0.003         0.1                      0.1            0                 0                  0.25                  1355.08  1365.14         10.06     3.06    495       4283.04
124      0.00025       400      10               0.0045        0.1                      0.1            0.5               0                  0.25                  1592.45  1604.46         12.02     3.16    612       4285.02
325      0.0003        400      4                0.0015        0.1                      0.1            0.5               0                  0.4                   1555.23  1577.54         22.31     3.15    641       4298.66
242      0.00025       400      7                0.003         0.2                      0.1            0                 0                  0.4                   1497.43  1509.46         12.03     2.34    589       4300.48
278      0.00025       400      7                0.003         0.1                      0.1            0.2               0                  0.4                   1497.36  1509.10         11.75     2.47    581       4333.71
244      0.00025       400      10               0.003         0.2                      0.1            0                 0                  0.4                   1564.73  1576.91         12.19     3.29    592       4344.08
142      0.00025       400      10               0.0045        0.2                      0.1            0.5               0                  0.25                  1597.45  1609.52         12.07     2.75    612       4344.16
378      0.00025       400      4                0.0015        0.1                      0.1            0.8               0                  0.4                   1688.45  1712.53         24.08     2.51    754       4357.05
46       0.00025       400      10               0.003         0.4                      0.1            0                 0                  0.25                  1528.43  1541.57         13.13     3.01    625       4371.41
199      0.0003        400      4                0.0015        0.4                      0.1            0.8               0                  0.25                  1661.33  1692.64         31.32     2.57    735       4411.23
217      0.0003        400      4                0.0015        0.1                      0.1            0                 0                  0.4                   1389.23  1411.52         22.30     3.46    637       4421.56
388      0.00025       400      10               0.003         0.1                      0.1            0.8               0                  0.4                   1582.41  1594.22         11.82     2.78    584       4422.61
127      0.0003        400      4                0.0015        0.2                      0.1            0.5               0                  0.25                  1488.41  1513.58         25.17     2.84    687       4451.46
263      0.0003        400      10               0.003         0.4                      0.1            0                 0                  0.4                   1452.59  1463.19         10.59     2.51    483       4452.15
181      0.0003        400      4                0.0015        0.2                      0.1            0.8               0                  0.25                  1547.38  1572.09         24.71     3.81    681       4454.05
299      0.0003        400      10               0.003         0.2                      0.1            0.2               0                  0.4                   1535.93  1546.07         10.14     2.83    477       4470.31
196      0.00025       400      10               0.0045        0.2                      0.1            0.8               0                  0.25                  1651.91  1664.06         12.14     3.19    625       4489.77
52       0.00025       400      10               0.0045        0.4                      0.1            0                 0                  0.25                  1631.69  1643.82         12.12     3.26    617       4498.56
262      0.00025       400      10               0.003         0.4                      0.1            0                 0                  0.4                   1572.69  1585.16         12.47     3.82    589       4508.42
379      0.0003        400      4                0.0015        0.1                      0.1            0.8               0                  0.4                   1535.85  1558.30         22.45     2.64    640       4545.49
352      0.00025       400      10               0.003         0.2                      0.1            0.5               0                  0.4                   1623.44  1635.87         12.43     2.80    596       4546.87
113      0.0003        400      10               0.0015        0.1                      0.1            0.5               0                  0.25                  1649.02  1670.70         21.67     3.30    664       4550.28
57       0.0003        400      7                0.0015        0.1                      0.1            0.2               0                  0.25                  1492.69  1515.03         22.35     2.13    675       4554.66
219      0.0003        400      7                0.0015        0.1                      0.1            0                 0                  0.4                   1541.38  1563.92         22.55     2.80    648       4603.74
343      0.0003        400      4                0.0015        0.2                      0.1            0.5               0                  0.4                   1569.18  1594.61         25.43     3.63    667       4612.31
37       0.0003        400      4                0.0015        0.4                      0.1            0                 0                  0.25                  1613.33  1644.39         31.06     3.65    737       4627.83
368      0.00025       400      7                0.003         0.4                      0.1            0.5               0                  0.4                   1559.16  1571.49         12.33     2.72    585       4652.88
70       0.00025       400      10               0.0045        0.1                      0.1            0.2               0                  0.25                  1588.03  1600.33         12.30     2.86    621       4659.60
216      0.00025       400      4                0.0015        0.1                      0.1            0                 0                  0.4                   1613.31  1637.21         23.90     3.33    758       4662.03
145      0.0003        400      4                0.0015        0.4                      0.1            0.5               0                  0.25                  1560.87  1591.23         30.36     3.34    727       4666.49
361      0.0003        400      4                0.0015        0.4                      0.1            0.5               0                  0.4                   1656.88  1688.96         32.08     3.26    726       4708.54
110      0.00025       400      7                0.0015        0.1                      0.1            0.5               0                  0.25                  1652.92  1676.67         23.74     3.23    775       4733.65
21       0.0003        400      7                0.0015        0.2                      0.1            0                 0                  0.25                  1565.00  1590.01         25.01     2.71    690       4775.92
108      0.00025       400      4                0.0015        0.1                      0.1            0.5               0                  0.25                  1552.89  1576.75         23.86     3.11    767       4801.63
314      0.00025       400      7                0.003         0.4                      0.1            0.2               0                  0.4                   1546.13  1558.52         12.39     2.17    589       4810.83
397      0.0003        400      4                0.0015        0.2                      0.1            0.8               0                  0.4                   1606.54  1632.53         25.99     2.47    676       4826.79
309      0.0003        400      7                0.0015        0.4                      0.1            0.2               0                  0.4                   1674.97  1706.82         31.85     2.21    737       4830.01
383      0.0003        400      10               0.0015        0.1                      0.1            0.8               0                  0.4                   1718.78  1740.71         21.94     2.63    647       4833.29
19       0.0003        400      4                0.0015        0.2                      0.1            0                 0                  0.25                  1547.88  1572.58         24.69     3.31    689       4839.99
165      0.0003        400      7                0.0015        0.1                      0.1            0.8               0                  0.25                  1497.32  1519.74         22.41     2.18    676       4845.77
73       0.0003        400      4                0.0015        0.2                      0.1            0.2               0                  0.25                  1590.61  1615.36         24.75     2.93    677       4847.23
316      0.00025       400      10               0.003         0.4                      0.1            0.2               0                  0.4                   1687.12  1699.84         12.71     2.61    597       4853.71
275      0.0003        400      10               0.0015        0.1                      0.1            0.2               0                  0.4                   1634.34  1656.41         22.07     2.86    640       4861.34
1        0.0003        400      4                0.0015        0.1                      0.1            0                 0                  0.25                  1508.30  1530.35         22.05     3.55    652       4869.83
327      0.0003        400      7                0.0015        0.1                      0.1            0.5               0                  0.4                   1673.25  1695.62         22.37     2.49    641       4874.13
381      0.0003        400      7                0.0015        0.1                      0.1            0.8               0                  0.4                   1698.29  1720.50         22.21     2.64    638       4885.40
288      0.00025       400      4                0.0015        0.2                      0.1            0.2               0                  0.4                   1715.37  1742.52         27.15     3.31    780       4908.00
167      0.0003        400      10               0.0015        0.1                      0.1            0.8               0                  0.25                  1584.47  1606.44         21.97     2.89    666       4913.87
365      0.0003        400      10               0.0015        0.4                      0.1            0.5               0                  0.4                   1754.65  1785.74         31.09     2.43    735       4920.84
0        0.00025       400      4                0.0015        0.1                      0.1            0                 0                  0.25                  1607.88  1631.64         23.75     2.87    769       4923.13
162      0.00025       400      4                0.0015        0.1                      0.1            0.8               0                  0.25                  1561.00  1585.30         24.31     3.04    775       4931.59
91       0.0003        400      4                0.0015        0.4                      0.1            0.2               0                  0.25                  1646.69  1677.56         30.87     3.05    729       4946.88
183      0.0003        400      7                0.0015        0.2                      0.1            0.8               0                  0.25                  1494.77  1519.83         25.06     2.46    703       4947.27
5        0.0003        400      10               0.0015        0.1                      0.1            0                 0                  0.25                  1674.17  1696.66         22.49     2.79    681       4948.37
109      0.0003        400      4                0.0015        0.1                      0.1            0.5               0                  0.25                  1567.85  1590.26         22.41     3.64    661       4955.06
55       0.0003        400      4                0.0015        0.1                      0.1            0.2               0                  0.25                  1585.65  1607.73         22.07     4.67    657       4955.39
220      0.00025       400      10               0.0015        0.1                      0.1            0                 0                  0.4                   1852.75  1876.51         23.75     3.22    758       4964.18
345      0.0003        400      7                0.0015        0.2                      0.1            0.5               0                  0.4                   1609.49  1634.51         25.02     2.43    672       4964.60
59       0.0003        400      10               0.0015        0.1                      0.1            0.2               0                  0.25                  1596.78  1618.61         21.83     2.95    671       4972.92
18       0.00025       400      4                0.0015        0.2                      0.1            0                 0                  0.25                  1618.64  1645.22         26.59     3.13    792       4975.59
324      0.00025       400      4                0.0015        0.1                      0.1            0.5               0                  0.4                   1666.82  1690.54         23.73     3.53    752       4980.58
163      0.0003        400      4                0.0015        0.1                      0.1            0.8               0                  0.25                  1551.13  1573.63         22.50     3.47    668       4987.83
54       0.00025       400      4                0.0015        0.1                      0.1            0.2               0                  0.25                  1595.43  1619.46         24.04     3.12    776       5018.64
273      0.0003        400      7                0.0015        0.1                      0.1            0.2               0                  0.4                   1611.54  1633.47         21.93     2.45    649       5023.24
180      0.00025       400      4                0.0015        0.2                      0.1            0.8               0                  0.25                  1590.39  1617.34         26.95     2.84    799       5024.26
419      0.0003        400      10               0.0015        0.4                      0.1            0.8               0                  0.4                   1701.87  1733.31         31.44     2.37    735       5032.69
417      0.0003        400      7                0.0015        0.4                      0.1            0.8               0                  0.4                   1676.24  1708.03         31.78     2.24    731       5034.43
126      0.00025       400      4                0.0015        0.2                      0.1            0.5               0                  0.25                  1602.12  1629.18         27.06     2.82    802       5040.05
129      0.0003        400      7                0.0015        0.2                      0.1            0.5               0                  0.25                  1584.04  1609.63         25.60     2.67    708       5062.29
329      0.0003        400      10               0.0015        0.1                      0.1            0.5               0                  0.4                   1625.04  1646.80         21.76     2.81    644       5064.77
75       0.0003        400      7                0.0015        0.2                      0.1            0.2               0                  0.25                  1533.03  1558.43         25.39     2.48    697       5066.61
218      0.00025       400      7                0.0015        0.1                      0.1            0                 0                  0.4                   1780.64  1804.58         23.94     2.72    755       5067.16
272      0.00025       400      7                0.0015        0.1                      0.1            0.2               0                  0.4                   1612.17  1635.55         23.38     2.67    753       5075.05
235      0.0003        400      4                0.0015        0.2                      0.1            0                 0                  0.4                   1617.43  1643.04         25.61     3.07    675       5099.49
270      0.00025       400      4                0.0015        0.1                      0.1            0.2               0                  0.4                   1723.55  1747.01         23.46     2.74    748       5129.25
257      0.0003        400      10               0.0015        0.4                      0.1            0                 0                  0.4                   1843.02  1874.95         31.93     2.16    740       5132.75
3        0.0003        400      7                0.0015        0.1                      0.1            0                 0                  0.25                  1640.81  1662.74         21.93     2.91    663       5148.98
293      0.0003        400      10               0.0015        0.2                      0.1            0.2               0                  0.4                   1649.22  1674.12         24.90     2.68    684       5151.38
255      0.0003        400      7                0.0015        0.4                      0.1            0                 0                  0.4                   1614.27  1646.67         32.40     2.34    743       5152.40
289      0.0003        400      4                0.0015        0.2                      0.1            0.2               0                  0.4                   1673.55  1699.28         25.72     2.97    679       5154.22
58       0.00025       400      10               0.0015        0.1                      0.1            0.2               0                  0.25                  1710.75  1734.62         23.87     3.79    782       5154.57
424      0.00025       400      10               0.003         0.4                      0.1            0.8               0                  0.4                   1718.59  1731.23         12.64     3.11    602       5168.79
221      0.0003        400      10               0.0015        0.1                      0.1            0                 0                  0.4                   1776.28  1798.04         21.76     2.65    640       5172.90
22       0.00025       400      10               0.0015        0.2                      0.1            0                 0                  0.25                  1805.17  1832.23         27.06     3.84    814       5176.90
234      0.00025       400      4                0.0015        0.2                      0.1            0                 0                  0.4                   1740.67  1767.99         27.32     2.64    793       5181.11
201      0.0003        400      7                0.0015        0.4                      0.1            0.8               0                  0.25                  1721.36  1751.84         30.49     2.16    737       5197.32
128      0.00025       400      7                0.0015        0.2                      0.1            0.5               0                  0.25                  1705.62  1732.46         26.84     2.45    805       5201.61
237      0.0003        400      7                0.0015        0.2                      0.1            0                 0                  0.4                   1557.55  1582.74         25.18     2.42    669       5214.84
198      0.00025       400      4                0.0015        0.4                      0.1            0.8               0                  0.25                  1660.14  1692.97         32.83     2.83    845       5236.20
202      0.00025       400      10               0.0015        0.4                      0.1            0.8               0                  0.25                  1920.38  1952.86         32.49     2.70    861       5271.72
72       0.00025       400      4                0.0015        0.2                      0.1            0.2               0                  0.25                  1644.27  1670.79         26.53     3.01    797       5304.04
41       0.0003        400      10               0.0015        0.4                      0.1            0                 0                  0.25                  1649.83  1679.83         30.00     2.14    746       5353.01
39       0.0003        400      7                0.0015        0.4                      0.1            0                 0                  0.25                  1760.72  1791.46         30.74     2.06    754       5354.06
363      0.0003        400      7                0.0015        0.4                      0.1            0.5               0                  0.4                   1743.44  1775.85         32.41     2.05    737       5355.22
239      0.0003        400      10               0.0015        0.2                      0.1            0                 0                  0.4                   1733.10  1758.07         24.97     2.94    673       5358.44
396      0.00025       400      4                0.0015        0.2                      0.1            0.8               0                  0.4                   1750.36  1777.91         27.55     2.61    782       5375.22
347      0.0003        400      10               0.0015        0.2                      0.1            0.5               0                  0.4                   1727.31  1753.23         25.92     2.74    680       5377.48
311      0.0003        400      10               0.0015        0.4                      0.1            0.2               0                  0.4                   1740.36  1772.44         32.09     2.59    737       5381.31
56       0.00025       400      7                0.0015        0.1                      0.1            0.2               0                  0.25                  1704.08  1728.05         23.97     2.69    778       5383.41
400      0.00025       400      10               0.0015        0.2                      0.1            0.8               0                  0.4                   1867.97  1895.93         27.96     3.04    805       5385.89
185      0.0003        400      10               0.0015        0.2                      0.1            0.8               0                  0.25                  1668.98  1694.10         25.12     3.09    700       5404.13
149      0.0003        400      10               0.0015        0.4                      0.1            0.5               0                  0.25                  1642.89  1673.85         30.96     2.55    753       5417.80
147      0.0003        400      7                0.0015        0.4                      0.1            0.5               0                  0.25                  1662.20  1692.96         30.76     2.15    751       5439.95
380      0.00025       400      7                0.0015        0.1                      0.1            0.8               0                  0.4                   1751.89  1775.92         24.03     2.62    765       5441.00
95       0.0003        400      10               0.0015        0.4                      0.1            0.2               0                  0.25                  1769.76  1800.06         30.30     2.33    745       5450.45
326      0.00025       400      7                0.0015        0.1                      0.1            0.5               0                  0.4                   1831.27  1855.20         23.93     2.82    756       5451.86
291      0.0003        400      7                0.0015        0.2                      0.1            0.2               0                  0.4                   1725.25  1750.32         25.07     2.52    676       5461.14
166      0.00025       400      10               0.0015        0.1                      0.1            0.8               0                  0.25                  1780.39  1804.61         24.22     3.64    779       5466.43
4        0.00025       400      10               0.0015        0.1                      0.1            0                 0                  0.25                  1805.29  1829.59         24.30     3.75    780       5475.06
310      0.00025       400      10               0.0015        0.4                      0.1            0.2               0                  0.4                   1887.52  1921.25         33.72     2.75    844       5489.09
364      0.00025       400      10               0.0015        0.4                      0.1            0.5               0                  0.4                   1924.07  1957.74         33.67     2.84    839       5490.71
401      0.0003        400      10               0.0015        0.2                      0.1            0.8               0                  0.4                   1753.77  1778.97         25.21     2.78    678       5498.21
184      0.00025       400      10               0.0015        0.2                      0.1            0.8               0                  0.25                  1862.48  1889.44         26.96     3.55    802       5505.40
360      0.00025       400      4                0.0015        0.4                      0.1            0.5               0                  0.4                   1748.06  1781.68         33.62     3.04    837       5525.90
203      0.0003        400      10               0.0015        0.4                      0.1            0.8               0                  0.25                  1815.39  1845.70         30.30     2.86    745       5542.00
382      0.00025       400      10               0.0015        0.1                      0.1            0.8               0                  0.4                   1863.74  1887.84         24.10     3.49    760       5542.57
93       0.0003        400      7                0.0015        0.4                      0.1            0.2               0                  0.25                  1677.60  1708.44         30.84     2.23    756       5546.57
94       0.00025       400      10               0.0015        0.4                      0.1            0.2               0                  0.25                  1804.38  1836.90         32.52     3.01    862       5546.87
399      0.0003        400      7                0.0015        0.2                      0.1            0.8               0                  0.4                   1717.57  1743.25         25.69     2.38    676       5550.92
290      0.00025       400      7                0.0015        0.2                      0.1            0.2               0                  0.4                   1727.68  1755.28         27.60     3.02    792       5556.46
112      0.00025       400      10               0.0015        0.1                      0.1            0.5               0                  0.25                  1805.93  1830.07         24.14     3.10    784       5568.20
328      0.00025       400      10               0.0015        0.1                      0.1            0.5               0                  0.4                   1929.78  1953.45         23.67     3.80    755       5568.67
164      0.00025       400      7                0.0015        0.1                      0.1            0.8               0                  0.25                  1798.09  1821.98         23.89     2.39    777       5574.04
146      0.00025       400      7                0.0015        0.4                      0.1            0.5               0                  0.25                  1824.20  1857.12         32.92     2.40    858       5575.81
398      0.00025       400      7                0.0015        0.2                      0.1            0.8               0                  0.4                   1751.07  1778.71         27.65     2.52    794       5582.48
308      0.00025       400      7                0.0015        0.4                      0.1            0.2               0                  0.4                   1846.96  1880.47         33.50     2.49    841       5585.31
77       0.0003        400      10               0.0015        0.2                      0.1            0.2               0                  0.25                  1733.98  1759.24         25.26     2.58    703       5587.66
144      0.00025       400      4                0.0015        0.4                      0.1            0.5               0                  0.25                  1743.10  1775.85         32.75     2.63    846       5596.17
200      0.00025       400      7                0.0015        0.4                      0.1            0.8               0                  0.25                  1847.95  1880.54         32.59     2.59    857       5604.66
23       0.0003        400      10               0.0015        0.2                      0.1            0                 0                  0.25                  1748.91  1774.35         25.44     3.00    701       5628.14
36       0.00025       400      4                0.0015        0.4                      0.1            0                 0                  0.25                  1784.59  1817.39         32.79     2.71    848       5634.86
274      0.00025       400      10               0.0015        0.1                      0.1            0.2               0                  0.4                   1876.16  1900.21         24.05     3.82    761       5658.23
131      0.0003        400      10               0.0015        0.2                      0.1            0.5               0                  0.25                  1785.62  1810.50         24.88     2.66    705       5669.14
344      0.00025       400      7                0.0015        0.2                      0.1            0.5               0                  0.4                   1809.47  1836.75         27.28     2.58    785       5694.03
252      0.00025       400      4                0.0015        0.4                      0.1            0                 0                  0.4                   1790.64  1824.37         33.72     3.09    838       5700.80
236      0.00025       400      7                0.0015        0.2                      0.1            0                 0                  0.4                   1795.49  1822.66         27.18     2.84    791       5716.43
74       0.00025       400      7                0.0015        0.2                      0.1            0.2               0                  0.25                  1809.60  1837.16         27.55     2.60    816       5723.29
416      0.00025       400      7                0.0015        0.4                      0.1            0.8               0                  0.4                   1849.96  1884.41         34.45     2.38    857       5723.48
2        0.00025       400      7                0.0015        0.1                      0.1            0                 0                  0.25                  1693.07  1717.18         24.12     2.54    775       5728.42
90       0.00025       400      4                0.0015        0.4                      0.1            0.2               0                  0.25                  1801.65  1833.97         32.32     2.60    845       5746.11
342      0.00025       400      4                0.0015        0.2                      0.1            0.5               0                  0.4                   1737.52  1764.93         27.41     2.92    789       5764.13
92       0.00025       400      7                0.0015        0.4                      0.1            0.2               0                  0.25                  1857.37  1889.82         32.45     2.24    848       5765.67
40       0.00025       400      10               0.0015        0.4                      0.1            0                 0                  0.25                  1877.68  1910.49         32.81     2.82    863       5766.14
306      0.00025       400      4                0.0015        0.4                      0.1            0.2               0                  0.4                   1752.95  1786.41         33.46     2.43    832       5779.86
20       0.00025       400      7                0.0015        0.2                      0.1            0                 0                  0.25                  1752.38  1779.41         27.03     3.42    806       5781.93
414      0.00025       400      4                0.0015        0.4                      0.1            0.8               0                  0.4                   1828.81  1862.58         33.77     2.55    838       5786.26
148      0.00025       400      10               0.0015        0.4                      0.1            0.5               0                  0.25                  1810.39  1842.97         32.58     2.61    861       5828.70
38       0.00025       400      7                0.0015        0.4                      0.1            0                 0                  0.25                  1786.41  1817.99         31.58     2.24    843       5833.27
256      0.00025       400      10               0.0015        0.4                      0.1            0                 0                  0.4                   1938.87  1973.21         34.35     3.08    852       5889.76
130      0.00025       400      10               0.0015        0.2                      0.1            0.5               0                  0.25                  1832.58  1859.56         26.99     3.25    816       5953.20
362      0.00025       400      7                0.0015        0.4                      0.1            0.5               0                  0.4                   1832.46  1866.28         33.82     2.67    845       5960.55
182      0.00025       400      7                0.0015        0.2                      0.1            0.8               0                  0.25                  1814.47  1841.35         26.88     2.64    807       5979.82
292      0.00025       400      10               0.0015        0.2                      0.1            0.2               0                  0.4                   1854.35  1881.70         27.35     3.81    796       5991.50
418      0.00025       400      10               0.0015        0.4                      0.1            0.8               0                  0.4                   1986.82  2020.69         33.87     2.57    846       6066.01
254      0.00025       400      7                0.0015        0.4                      0.1            0                 0                  0.4                   1839.99  1873.39         33.40     2.38    838       6066.18
346      0.00025       400      10               0.0015        0.2                      0.1            0.5               0                  0.4                   1973.89  2001.72         27.83     3.72    796       6080.15
76       0.00025       400      10               0.0015        0.2                      0.1            0.2               0                  0.25                  1868.23  1895.47         27.24     3.54    815       6098.15
238      0.00025       400      10               0.0015        0.2                      0.1            0                 0                  0.4                   1968.95  1995.87         26.91     3.57    782       6116.25
