variant,place_thresh,cancel_buffer,front_rung_spacing_mult,max_pos,pred_momentum_coef,premium_ema_coef,per_order_widen_frac,avg_pnl,avg_closed_pnl,avg_comm,sharpe,num_trds,sim_score
0,0.00025,0.1,0.25,80,0,0,0.1,323.69,330.17,6.48,0.70,407,236.08
1,0.0003,0.1,0.25,80,0,0,0.1,287.00,292.58,5.58,0.79,346,267.68
2,0.0005,0.1,0.25,80,0,0,0.1,105.34,108.62,3.28,0.35,198,58.75
3,0.00025,0.1,1,80,0,0,0.1,233.15,238.27,5.12,0.69,314,180.15
4,0.0003,0.1,1,80,0,0,0.1,161.50,165.66,4.16,0.57,252,53.97
5,0.0005,0.1,1,80,0,0,0.1,17.56,19.82,2.26,0.05,125,26.55
6,0.00025,0.1,0.25,100,0,0,0.1,254.63,261.36,6.73,0.46,416,117.12
7,0.0003,0.1,0.25,100,0,0,0.1,186.60,192.10,5.50,0.36,345,243.64
8,0.0005,0.1,0.25,100,0,0,0.1,14.97,18.26,3.29,0.04,200,-11.88
9,0.00025,0.1,1,100,0,0,0.1,124.19,129.51,5.33,0.32,324,-12.12
10,0.0003,0.1,1,100,0,0,0.1,7.59,11.95,4.36,0.02,264,-111.95
11,0.0005,0.1,1,100,0,0,0.1,-97.30,-94.93,2.37,-0.24,127,-129.86
12,0.00025,0.1,0.25,140,0,0,0.1,53.48,60.21,6.74,0.08,429,-6.16
13,0.0003,0.1,0.25,140,0,0,0.1,-17.80,-11.97,5.83,-0.02,363,29.73
14,0.0005,0.1,0.25,140,0,0,0.1,-109.77,-106.31,3.46,-0.16,205,-39.19
15,0.00025,0.1,1,140,0,0,0.1,42.36,47.87,5.51,0.07,335,-34.27
16,0.0003,0.1,1,140,0,0,0.1,-130.72,-126.27,4.45,-0.21,267,-59.46
17,0.0005,0.1,1,140,0,0,0.1,-193.67,-191.19,2.48,-0.35,135,-178.85
18,0.00025,0.1,0.25,80,0.2,0,0.1,384.31,390.39,6.07,0.80,371,444.52
19,0.0003,0.1,0.25,80,0.2,0,0.1,284.17,289.20,5.04,0.69,312,335.57
20,0.0005,0.1,0.25,80,0.2,0,0.1,96.94,100.07,3.13,0.27,181,4.89
21,0.00025,0.1,1,80,0.2,0,0.1,237.62,242.40,4.78,0.63,290,196.59
22,0.0003,0.1,1,80,0.2,0,0.1,170.57,174.54,3.97,0.46,230,-18.27
23,0.0005,0.1,1,80,0.2,0,0.1,-35.60,-33.43,2.18,-0.11,118,-147.33
24,0.00025,0.1,0.25,100,0.2,0,0.1,350.37,356.50,6.13,0.63,387,418.81
25,0.0003,0.1,0.25,100,0.2,0,0.1,263.50,268.60,5.10,0.59,320,411.59
26,0.0005,0.1,0.25,100,0.2,0,0.1,-8.19,-5.01,3.18,-0.02,185,-28.73
27,0.00025,0.1,1,100,0.2,0,0.1,218.67,223.55,4.87,0.55,288,81.44
28,0.0003,0.1,1,100,0.2,0,0.1,103.36,107.41,4.05,0.26,237,116.35
29,0.0005,0.1,1,100,0.2,0,0.1,-131.72,-129.29,2.43,-0.28,127,-146.71
30,0.00025,0.1,0.25,140,0.2,0,0.1,132.63,138.89,6.27,0.18,390,1.79
31,0.0003,0.1,0.25,140,0.2,0,0.1,10.54,15.80,5.26,0.02,322,26.84
32,0.0005,0.1,0.25,140,0.2,0,0.1,-85.20,-81.88,3.32,-0.12,186,-91.05
33,0.00025,0.1,1,140,0.2,0,0.1,-4.80,0.14,4.94,-0.01,293,-73.22
34,0.0003,0.1,1,140,0.2,0,0.1,-85.61,-81.71,3.91,-0.14,234,-68.95
35,0.0005,0.1,1,140,0.2,0,0.1,-73.92,-71.48,2.44,-0.13,128,-54.38
36,0.00025,0.1,0.25,80,0.5,0,0.1,356.75,362.09,5.34,0.85,329,480.18
37,0.0003,0.1,0.25,80,0.5,0,0.1,291.84,296.55,4.71,0.82,284,310.15
38,0.0005,0.1,0.25,80,0.5,0,0.1,124.14,127.19,3.05,0.43,175,125.15
39,0.00025,0.1,1,80,0.5,0,0.1,234.38,238.92,4.53,0.67,264,349.59
40,0.0003,0.1,1,80,0.5,0,0.1,162.98,166.79,3.81,0.44,223,68.01
41,0.0005,0.1,1,80,0.5,0,0.1,-33.02,-30.76,2.25,-0.13,120,-77.99
42,0.00025,0.1,0.25,100,0.5,0,0.1,283.72,289.34,5.62,0.50,347,153.28
43,0.0003,0.1,0.25,100,0.5,0,0.1,279.23,284.22,4.99,0.59,304,190.99
44,0.0005,0.1,0.25,100,0.5,0,0.1,23.52,26.61,3.09,0.07,180,19.68
45,0.00025,0.1,1,100,0.5,0,0.1,97.18,101.75,4.56,0.29,268,-7.73
46,0.0003,0.1,1,100,0.5,0,0.1,121.29,125.05,3.76,0.34,220,113.21
47,0.0005,0.1,1,100,0.5,0,0.1,-10.09,-7.69,2.40,-0.03,122,-12.07
48,0.00025,0.1,0.25,140,0.5,0,0.1,53.38,59.18,5.81,0.09,352,-16.03
49,0.0003,0.1,0.25,140,0.5,0,0.1,26.60,31.66,5.06,0.04,306,-54.34
50,0.0005,0.1,0.25,140,0.5,0,0.1,-67.52,-64.33,3.18,-0.10,179,-34.73
51,0.00025,0.1,1,140,0.5,0,0.1,-78.67,-74.12,4.55,-0.13,268,-54.44
52,0.0003,0.1,1,140,0.5,0,0.1,-66.89,-62.99,3.90,-0.13,225,-107.75
53,0.0005,0.1,1,140,0.5,0,0.1,-146.40,-144.15,2.26,-0.23,123,-91.46
54,0.00025,0.1,0.25,80,1,0,0.1,365.56,371.02,5.45,0.82,312,624.77
55,0.0003,0.1,0.25,80,1,0,0.1,239.66,244.22,4.56,0.64,268,196.01
56,0.0005,0.1,0.25,80,1,0,0.1,105.90,108.73,2.84,0.33,167,17.88
57,0.00025,0.1,1,80,1,0,0.1,208.05,212.51,4.46,0.54,253,157.79
58,0.0003,0.1,1,80,1,0,0.1,123.18,126.81,3.63,0.45,206,36.86
59,0.0005,0.1,1,80,1,0,0.1,42.86,45.08,2.22,0.17,113,9.56
60,0.00025,0.1,0.25,100,1,0,0.1,318.25,323.53,5.29,0.73,318,180.00
61,0.0003,0.1,0.25,100,1,0,0.1,241.50,246.21,4.71,0.62,278,185.66
62,0.0005,0.1,0.25,100,1,0,0.1,112.79,115.67,2.88,0.32,168,24.67
63,0.00025,0.1,1,100,1,0,0.1,167.75,172.21,4.46,0.39,260,-1.63
64,0.0003,0.1,1,100,1,0,0.1,49.05,52.78,3.73,0.13,213,-26.66
65,0.0005,0.1,1,100,1,0,0.1,-4.26,-2.15,2.11,-0.01,118,-57.86
66,0.00025,0.1,0.25,140,1,0,0.1,60.81,66.34,5.53,0.09,330,-40.01
67,0.0003,0.1,0.25,140,1,0,0.1,0.06,4.84,4.79,0.00,285,-30.15
68,0.0005,0.1,0.25,140,1,0,0.1,-62.61,-59.63,2.98,-0.09,166,-37.49
69,0.00025,0.1,1,140,1,0,0.1,30.57,35.10,4.54,0.05,266,-130.80
70,0.0003,0.1,1,140,1,0,0.1,-6.42,-2.69,3.74,-0.01,218,-68.38
71,0.0005,0.1,1,140,1,0,0.1,-132.71,-130.50,2.21,-0.27,116,-133.13
72,0.00025,0.1,0.25,80,0,0.1,0.1,288.88,295.44,6.55,0.69,402,150.14
73,0.0003,0.1,0.25,80,0,0.1,0.1,304.70,310.26,5.56,0.72,347,350.08
74,0.0005,0.1,0.25,80,0,0.1,0.1,150.65,153.88,3.22,0.35,192,84.72
75,0.00025,0.1,1,80,0,0.1,0.1,184.35,189.56,5.21,0.47,319,37.03
76,0.0003,0.1,1,80,0,0.1,0.1,146.71,150.92,4.21,0.35,254,6.94
77,0.0005,0.1,1,80,0,0.1,0.1,-9.41,-7.08,2.33,-0.04,131,53.57
78,0.00025,0.1,0.25,100,0,0.1,0.1,221.31,228.01,6.70,0.47,420,308.94
79,0.0003,0.1,0.25,100,0,0.1,0.1,186.40,191.99,5.58,0.41,351,268.61
80,0.0005,0.1,0.25,100,0,0.1,0.1,32.39,35.74,3.35,0.07,200,-7.13
81,0.00025,0.1,1,100,0,0.1,0.1,138.19,143.45,5.26,0.30,327,84.01
82,0.0003,0.1,1,100,0,0.1,0.1,22.60,26.94,4.35,0.06,260,-7.53
83,0.0005,0.1,1,100,0,0.1,0.1,-39.50,-37.26,2.23,-0.10,123,-50.83
84,0.00025,0.1,0.25,140,0,0.1,0.1,123.39,130.33,6.94,0.17,437,102.79
85,0.0003,0.1,0.25,140,0,0.1,0.1,21.78,27.64,5.85,0.03,361,18.30
86,0.0005,0.1,0.25,140,0,0.1,0.1,-122.52,-119.09,3.43,-0.17,201,-76.11
87,0.00025,0.1,1,140,0,0.1,0.1,-18.02,-12.65,5.36,-0.03,327,30.18
88,0.0003,0.1,1,140,0,0.1,0.1,-63.16,-58.76,4.39,-0.10,263,15.55
89,0.0005,0.1,1,140,0,0.1,0.1,-160.04,-157.57,2.47,-0.26,132,-77.37
90,0.00025,0.1,0.25,80,0.2,0.1,0.1,382.75,388.57,5.82,0.90,364,593.93
91,0.0003,0.1,0.25,80,0.2,0.1,0.1,243.62,248.71,5.09,0.63,312,248.82
92,0.0005,0.1,0.25,80,0.2,0.1,0.1,128.25,131.39,3.13,0.39,182,89.63
93,0.00025,0.1,1,80,0.2,0.1,0.1,201.55,206.23,4.68,0.56,281,33.16
94,0.0003,0.1,1,80,0.2,0.1,0.1,127.86,131.82,3.97,0.42,235,2.12
95,0.0005,0.1,1,80,0.2,0.1,0.1,36.54,38.80,2.26,0.15,125,46.33
96,0.00025,0.1,0.25,100,0.2,0.1,0.1,357.92,363.95,6.02,0.72,379,656.54
97,0.0003,0.1,0.25,100,0.2,0.1,0.1,201.60,206.79,5.19,0.47,321,150.84
98,0.0005,0.1,0.25,100,0.2,0.1,0.1,13.52,16.73,3.20,0.03,191,-35.74
99,0.00025,0.1,1,100,0.2,0.1,0.1,148.43,153.34,4.90,0.41,293,63.86
100,0.0003,0.1,1,100,0.2,0.1,0.1,62.18,66.21,4.03,0.15,238,-93.96
101,0.0005,0.1,1,100,0.2,0.1,0.1,-74.64,-72.26,2.38,-0.18,126,-167.70
102,0.00025,0.1,0.25,140,0.2,0.1,0.1,133.89,140.14,6.25,0.20,376,61.19
103,0.0003,0.1,0.25,140,0.2,0.1,0.1,40.19,45.78,5.59,0.06,336,-46.11
104,0.0005,0.1,0.25,140,0.2,0.1,0.1,-71.15,-67.88,3.28,-0.10,189,-47.85
105,0.00025,0.1,1,140,0.2,0.1,0.1,-51.24,-46.37,4.88,-0.08,294,-74.94
106,0.0003,0.1,1,140,0.2,0.1,0.1,-20.04,-16.04,3.99,-0.03,241,-84.58
107,0.0005,0.1,1,140,0.2,0.1,0.1,-13.91,-11.46,2.44,-0.02,130,-25.97
108,0.00025,0.1,0.25,80,0.5,0.1,0.1,338.75,344.29,5.54,0.93,331,482.44
109,0.0003,0.1,0.25,80,0.5,0.1,0.1,318.76,323.49,4.73,1.10,288,554.99
110,0.0005,0.1,0.25,80,0.5,0.1,0.1,145.07,148.06,3.00,0.49,174,97.29
111,0.00025,0.1,1,80,0.5,0.1,0.1,232.70,237.09,4.40,0.68,250,273.06
112,0.0003,0.1,1,80,0.5,0.1,0.1,99.75,103.40,3.65,0.32,214,-25.41
113,0.0005,0.1,1,80,0.5,0.1,0.1,15.85,18.17,2.32,0.07,117,-84.74
114,0.00025,0.1,0.25,100,0.5,0.1,0.1,267.03,272.75,5.72,0.55,340,136.08
115,0.0003,0.1,0.25,100,0.5,0.1,0.1,285.30,290.14,4.84,0.66,295,281.96
116,0.0005,0.1,0.25,100,0.5,0.1,0.1,8.27,11.51,3.25,0.02,184,-34.20
117,0.00025,0.1,1,100,0.5,0.1,0.1,163.00,167.63,4.62,0.38,276,10.60
118,0.0003,0.1,1,100,0.5,0.1,0.1,31.71,35.66,3.96,0.09,226,-100.68
119,0.0005,0.1,1,100,0.5,0.1,0.1,-66.07,-63.78,2.29,-0.16,118,-127.24
120,0.00025,0.1,0.25,140,0.5,0.1,0.1,44.01,49.77,5.76,0.06,349,-23.15
121,0.0003,0.1,0.25,140,0.5,0.1,0.1,54.68,59.65,4.97,0.09,302,-2.84
122,0.0005,0.1,0.25,140,0.5,0.1,0.1,-36.01,-32.70,3.30,-0.06,185,-0.07
123,0.00025,0.1,1,140,0.5,0.1,0.1,-68.36,-63.73,4.63,-0.12,269,-130.41
124,0.0003,0.1,1,140,0.5,0.1,0.1,-116.83,-113.10,3.73,-0.18,213,-119.53
125,0.0005,0.1,1,140,0.5,0.1,0.1,-140.61,-138.23,2.37,-0.22,126,-88.78
126,0.00025,0.1,0.25,80,1,0.1,0.1,341.03,346.47,5.45,0.83,312,438.18
127,0.0003,0.1,0.25,80,1,0.1,0.1,291.16,295.88,4.71,0.73,275,386.18
128,0.0005,0.1,0.25,80,1,0.1,0.1,80.78,83.67,2.88,0.24,162,37.13
129,0.00025,0.1,1,80,1,0.1,0.1,208.60,212.76,4.16,0.56,244,185.17
130,0.0003,0.1,1,80,1,0.1,0.1,174.67,178.23,3.56,0.58,206,72.05
131,0.0005,0.1,1,80,1,0.1,0.1,31.62,33.69,2.07,0.14,108,48.76
132,0.00025,0.1,0.25,100,1,0.1,0.1,256.37,261.57,5.20,0.53,311,137.48
133,0.0003,0.1,0.25,100,1,0.1,0.1,208.54,213.29,4.75,0.48,286,144.08
134,0.0005,0.1,0.25,100,1,0.1,0.1,43.63,46.55,2.92,0.11,166,68.47
135,0.00025,0.1,1,100,1,0.1,0.1,132.78,137.25,4.47,0.36,256,-16.67
136,0.0003,0.1,1,100,1,0.1,0.1,68.56,72.37,3.81,0.18,214,-33.32
137,0.0005,0.1,1,100,1,0.1,0.1,18.70,20.92,2.22,0.06,113,13.87
138,0.00025,0.1,0.25,140,1,0.1,0.1,47.41,52.79,5.38,0.08,325,53.17
139,0.0003,0.1,0.25,140,1,0.1,0.1,-30.84,-26.05,4.79,-0.05,283,-77.97
140,0.0005,0.1,0.25,140,1,0.1,0.1,-54.24,-51.23,3.01,-0.09,165,-58.45
141,0.00025,0.1,1,140,1,0.1,0.1,-2.44,2.13,4.57,-0.00,265,-18.05
142,0.0003,0.1,1,140,1,0.1,0.1,-108.21,-104.31,3.90,-0.27,218,-139.31
143,0.0005,0.1,1,140,1,0.1,0.1,-183.53,-181.26,2.27,-0.34,119,-226.49
144,0.00025,0.1,0.25,80,0,0.5,0.1,405.36,411.76,6.40,0.91,406,600.60
145,0.0003,0.1,0.25,80,0,0.5,0.1,338.87,344.31,5.44,1.00,343,828.30
146,0.0005,0.1,0.25,80,0,0.5,0.1,87.96,91.22,3.26,0.23,194,36.88
147,0.00025,0.1,1,80,0,0.5,0.1,209.99,215.25,5.26,0.62,320,141.61
148,0.0003,0.1,1,80,0,0.5,0.1,157.12,161.27,4.15,0.45,258,65.45
149,0.0005,0.1,1,80,0,0.5,0.1,20.35,22.62,2.27,0.05,124,-65.77
150,0.00025,0.1,0.25,100,0,0.5,0.1,276.46,283.13,6.68,0.56,422,380.47
151,0.0003,0.1,0.25,100,0,0.5,0.1,188.76,194.35,5.60,0.37,356,257.47
152,0.0005,0.1,0.25,100,0,0.5,0.1,10.92,14.22,3.31,0.02,195,-7.55
153,0.00025,0.1,1,100,0,0.5,0.1,101.38,106.64,5.25,0.24,318,72.04
154,0.0003,0.1,1,100,0,0.5,0.1,58.62,63.05,4.44,0.15,261,-14.65
155,0.0005,0.1,1,100,0,0.5,0.1,-16.16,-13.75,2.42,-0.04,131,-56.31
156,0.00025,0.1,0.25,140,0,0.5,0.1,116.65,123.47,6.82,0.18,426,18.86
157,0.0003,0.1,0.25,140,0,0.5,0.1,-14.58,-8.85,5.73,-0.02,360,-54.35
158,0.0005,0.1,0.25,140,0,0.5,0.1,-98.93,-95.55,3.38,-0.13,198,-113.99
159,0.00025,0.1,1,140,0,0.5,0.1,16.59,21.73,5.14,0.03,319,-5.24
160,0.0003,0.1,1,140,0,0.5,0.1,-45.39,-40.96,4.42,-0.08,263,-38.46
161,0.0005,0.1,1,140,0,0.5,0.1,-121.35,-118.91,2.44,-0.20,131,-44.89
162,0.00025,0.1,0.25,80,0.2,0.5,0.1,393.14,399.09,5.95,0.75,364,521.13
163,0.0003,0.1,0.25,80,0.2,0.5,0.1,298.16,303.39,5.24,0.84,319,604.87
164,0.0005,0.1,0.25,80,0.2,0.5,0.1,134.30,137.46,3.16,0.42,182,91.89
165,0.00025,0.1,1,80,0.2,0.5,0.1,155.51,160.39,4.88,0.45,289,76.00
166,0.0003,0.1,1,80,0.2,0.5,0.1,163.26,167.25,3.99,0.45,233,44.38
167,0.0005,0.1,1,80,0.2,0.5,0.1,8.95,11.30,2.35,0.03,125,21.80
168,0.00025,0.1,0.25,100,0.2,0.5,0.1,316.90,322.91,6.01,0.63,375,343.20
169,0.0003,0.1,0.25,100,0.2,0.5,0.1,224.10,229.38,5.28,0.45,322,163.73
170,0.0005,0.1,0.25,100,0.2,0.5,0.1,38.40,41.61,3.22,0.09,188,11.36
171,0.00025,0.1,1,100,0.2,0.5,0.1,182.57,187.57,5.00,0.41,299,54.01
172,0.0003,0.1,1,100,0.2,0.5,0.1,37.30,41.14,3.83,0.09,231,-47.16
173,0.0005,0.1,1,100,0.2,0.5,0.1,-7.06,-4.47,2.60,-0.02,132,-44.66
174,0.00025,0.1,0.25,140,0.2,0.5,0.1,142.29,148.35,6.06,0.22,378,25.67
175,0.0003,0.1,0.25,140,0.2,0.5,0.1,37.19,42.49,5.30,0.06,327,-36.69
176,0.0005,0.1,0.25,140,0.2,0.5,0.1,-108.80,-105.59,3.21,-0.16,183,-35.66
177,0.00025,0.1,1,140,0.2,0.5,0.1,-1.94,2.83,4.77,-0.00,292,-99.03
178,0.0003,0.1,1,140,0.2,0.5,0.1,-100.31,-96.29,4.01,-0.15,229,-68.04
179,0.0005,0.1,1,140,0.2,0.5,0.1,-158.03,-155.56,2.46,-0.22,132,-133.88
180,0.00025,0.1,0.25,80,0.5,0.5,0.1,409.84,415.28,5.44,0.93,331,737.61
181,0.0003,0.1,0.25,80,0.5,0.5,0.1,298.21,302.96,4.76,0.85,286,435.81
182,0.0005,0.1,0.25,80,0.5,0.5,0.1,153.53,156.65,3.13,0.52,179,176.39
183,0.00025,0.1,1,80,0.5,0.5,0.1,181.22,185.64,4.41,0.51,259,98.86
184,0.0003,0.1,1,80,0.5,0.5,0.1,94.41,98.24,3.82,0.27,219,-42.79
185,0.0005,0.1,1,80,0.5,0.5,0.1,1.36,3.67,2.31,0.01,122,-52.98
186,0.00025,0.1,0.25,100,0.5,0.5,0.1,249.44,255.00,5.56,0.53,333,167.97
187,0.0003,0.1,0.25,100,0.5,0.5,0.1,280.67,285.64,4.97,0.64,301,259.58
188,0.0005,0.1,0.25,100,0.5,0.5,0.1,81.73,84.82,3.09,0.18,180,40.60
189,0.00025,0.1,1,100,0.5,0.5,0.1,118.17,122.84,4.66,0.25,271,-25.71
190,0.0003,0.1,1,100,0.5,0.5,0.1,46.66,50.46,3.80,0.13,217,22.08
191,0.0005,0.1,1,100,0.5,0.5,0.1,-45.76,-43.53,2.23,-0.13,115,-21.56
192,0.00025,0.1,0.25,140,0.5,0.5,0.1,91.99,97.71,5.72,0.16,350,55.04
193,0.0003,0.1,0.25,140,0.5,0.5,0.1,116.55,121.72,5.17,0.21,306,92.72
194,0.0005,0.1,0.25,140,0.5,0.5,0.1,-46.81,-43.67,3.14,-0.07,179,2.99
195,0.00025,0.1,1,140,0.5,0.5,0.1,-83.45,-78.87,4.59,-0.14,268,-154.14
196,0.0003,0.1,1,140,0.5,0.5,0.1,-94.22,-90.46,3.76,-0.15,216,-153.24
197,0.0005,0.1,1,140,0.5,0.5,0.1,-165.31,-163.05,2.26,-0.28,118,-123.33
198,0.00025,0.1,0.25,80,1,0.5,0.1,389.79,395.04,5.24,1.11,311,718.76
199,0.0003,0.1,0.25,80,1,0.5,0.1,295.64,300.16,4.53,0.78,271,300.40
200,0.0005,0.1,0.25,80,1,0.5,0.1,91.26,94.20,2.94,0.35,165,-33.03
201,0.00025,0.1,1,80,1,0.5,0.1,195.88,200.24,4.37,0.59,245,175.15
202,0.0003,0.1,1,80,1,0.5,0.1,112.42,115.93,3.51,0.40,202,9.58
203,0.0005,0.1,1,80,1,0.5,0.1,29.05,31.21,2.17,0.11,111,-51.43
204,0.00025,0.1,0.25,100,1,0.5,0.1,180.23,185.43,5.19,0.43,312,87.98
205,0.0003,0.1,0.25,100,1,0.5,0.1,221.67,226.37,4.70,0.59,277,128.28
206,0.0005,0.1,0.25,100,1,0.5,0.1,35.77,38.60,2.83,0.09,161,-28.15
207,0.00025,0.1,1,100,1,0.5,0.1,132.16,136.49,4.34,0.35,255,42.98
208,0.0003,0.1,1,100,1,0.5,0.1,123.17,126.97,3.80,0.35,216,39.26
209,0.0005,0.1,1,100,1,0.5,0.1,-43.66,-41.43,2.23,-0.11,118,-49.38
210,0.00025,0.1,0.25,140,1,0.5,0.1,184.28,189.81,5.53,0.31,330,100.93
211,0.0003,0.1,0.25,140,1,0.5,0.1,-0.74,4.00,4.74,-0.00,283,-64.74
212,0.0005,0.1,0.25,140,1,0.5,0.1,-14.38,-11.37,3.02,-0.02,168,-29.55
213,0.00025,0.1,1,140,1,0.5,0.1,-55.94,-51.48,4.46,-0.10,264,-87.31
214,0.0003,0.1,1,140,1,0.5,0.1,-78.74,-75.03,3.71,-0.18,211,-48.96
215,0.0005,0.1,1,140,1,0.5,0.1,-181.47,-179.30,2.17,-0.33,116,-181.98
216,0.00025,0.1,0.25,80,0,0.8,0.1,343.17,349.78,6.60,0.86,410,481.66
217,0.0003,0.1,0.25,80,0,0.8,0.1,312.44,317.98,5.54,0.89,343,491.36
218,0.0005,0.1,0.25,80,0,0.8,0.1,118.61,121.86,3.26,0.38,200,135.96
219,0.00025,0.1,1,80,0,0.8,0.1,224.60,229.83,5.22,0.57,314,169.12
220,0.0003,0.1,1,80,0,0.8,0.1,134.10,138.38,4.28,0.37,259,4.97
221,0.0005,0.1,1,80,0,0.8,0.1,36.17,38.70,2.53,0.15,137,-21.00
222,0.00025,0.1,0.25,100,0,0.8,0.1,240.46,247.09,6.62,0.41,418,22.20
223,0.0003,0.1,0.25,100,0,0.8,0.1,204.92,210.61,5.69,0.40,358,313.31
224,0.0005,0.1,0.25,100,0,0.8,0.1,37.26,40.71,3.45,0.08,201,-11.96
225,0.00025,0.1,1,100,0,0.8,0.1,120.39,125.49,5.09,0.31,316,-42.71
226,0.0003,0.1,1,100,0,0.8,0.1,87.43,91.74,4.31,0.21,264,42.39
227,0.0005,0.1,1,100,0,0.8,0.1,-57.70,-55.28,2.41,-0.13,132,-57.16
228,0.00025,0.1,0.25,140,0,0.8,0.1,80.93,87.68,6.75,0.12,422,48.34
229,0.0003,0.1,0.25,140,0,0.8,0.1,59.47,65.38,5.91,0.09,369,27.36
230,0.0005,0.1,0.25,140,0,0.8,0.1,-55.33,-52.00,3.34,-0.08,201,-49.23
231,0.00025,0.1,1,140,0,0.8,0.1,44.17,49.56,5.39,0.08,328,10.25
232,0.0003,0.1,1,140,0,0.8,0.1,-127.64,-123.25,4.39,-0.22,261,-155.03
233,0.0005,0.1,1,140,0,0.8,0.1,-202.38,-199.85,2.53,-0.32,138,-144.88
234,0.00025,0.1,0.25,80,0.2,0.8,0.1,376.18,382.17,5.99,0.85,365,554.44
235,0.0003,0.1,0.25,80,0.2,0.8,0.1,330.22,335.13,4.91,0.75,309,456.25
236,0.0005,0.1,0.25,80,0.2,0.8,0.1,126.27,129.45,3.18,0.38,182,77.64
237,0.00025,0.1,1,80,0.2,0.8,0.1,162.63,167.42,4.79,0.40,282,-3.03
238,0.0003,0.1,1,80,0.2,0.8,0.1,151.89,155.85,3.96,0.49,230,55.05
239,0.0005,0.1,1,80,0.2,0.8,0.1,-30.64,-28.44,2.20,-0.10,118,-73.23
240,0.00025,0.1,0.25,100,0.2,0.8,0.1,295.21,301.29,6.07,0.61,379,267.88
241,0.0003,0.1,0.25,100,0.2,0.8,0.1,216.01,221.33,5.31,0.46,327,151.86
242,0.0005,0.1,0.25,100,0.2,0.8,0.1,35.34,38.51,3.16,0.08,186,14.26
243,0.00025,0.1,1,100,0.2,0.8,0.1,161.12,166.04,4.92,0.39,297,110.72
244,0.0003,0.1,1,100,0.2,0.8,0.1,66.20,70.15,3.96,0.14,237,-56.64
245,0.0005,0.1,1,100,0.2,0.8,0.1,-108.82,-106.44,2.38,-0.24,128,-170.52
246,0.00025,0.1,0.25,140,0.2,0.8,0.1,131.23,137.44,6.20,0.17,382,59.62
247,0.0003,0.1,0.25,140,0.2,0.8,0.1,102.25,107.67,5.42,0.15,333,18.29
248,0.0005,0.1,0.25,140,0.2,0.8,0.1,-51.26,-48.12,3.14,-0.07,183,-39.55
249,0.00025,0.1,1,140,0.2,0.8,0.1,-15.85,-11.09,4.76,-0.03,290,-125.51
250,0.0003,0.1,1,140,0.2,0.8,0.1,-104.93,-100.95,3.99,-0.15,232,-68.79
251,0.0005,0.1,1,140,0.2,0.8,0.1,-182.65,-180.26,2.39,-0.26,126,-161.73
252,0.00025,0.1,0.25,80,0.5,0.8,0.1,415.74,421.29,5.55,0.97,333,745.13
253,0.0003,0.1,0.25,80,0.5,0.8,0.1,245.52,250.40,4.88,0.72,296,227.12
254,0.0005,0.1,0.25,80,0.5,0.8,0.1,78.46,81.43,2.97,0.25,173,13.95
255,0.00025,0.1,1,80,0.5,0.8,0.1,199.13,203.63,4.50,0.59,261,68.75
256,0.0003,0.1,1,80,0.5,0.8,0.1,167.17,170.83,3.66,0.64,215,192.81
257,0.0005,0.1,1,80,0.5,0.8,0.1,77.85,80.16,2.31,0.29,113,50.39
258,0.00025,0.1,0.25,100,0.5,0.8,0.1,281.04,286.58,5.54,0.66,340,232.69
259,0.0003,0.1,0.25,100,0.5,0.8,0.1,241.44,246.47,5.03,0.55,302,154.36
260,0.0005,0.1,0.25,100,0.5,0.8,0.1,81.92,84.92,3.00,0.19,173,10.51
261,0.00025,0.1,1,100,0.5,0.8,0.1,141.25,145.86,4.61,0.33,268,-58.87
262,0.0003,0.1,1,100,0.5,0.8,0.1,87.41,91.22,3.81,0.25,222,-26.76
263,0.0005,0.1,1,100,0.5,0.8,0.1,-34.04,-31.74,2.30,-0.09,119,-86.85
264,0.00025,0.1,0.25,140,0.5,0.8,0.1,81.47,87.11,5.64,0.12,343,60.00
265,0.0003,0.1,0.25,140,0.5,0.8,0.1,74.88,80.00,5.12,0.12,309,5.00
266,0.0005,0.1,0.25,140,0.5,0.8,0.1,-70.76,-67.70,3.06,-0.11,180,119.84
267,0.00025,0.1,1,140,0.5,0.8,0.1,-32.13,-27.50,4.63,-0.05,275,-23.44
268,0.0003,0.1,1,140,0.5,0.8,0.1,-148.66,-144.88,3.78,-0.23,216,-84.18
269,0.0005,0.1,1,140,0.5,0.8,0.1,-74.75,-72.44,2.31,-0.15,120,-22.07
270,0.00025,0.1,0.25,80,1,0.8,0.1,373.70,378.97,5.26,0.80,306,580.73
271,0.0003,0.1,0.25,80,1,0.8,0.1,281.16,285.77,4.61,0.85,272,351.05
272,0.0005,0.1,0.25,80,1,0.8,0.1,143.41,146.28,2.88,0.55,162,40.12
273,0.00025,0.1,1,80,1,0.8,0.1,189.22,193.42,4.20,0.51,243,80.29
274,0.0003,0.1,1,80,1,0.8,0.1,133.30,136.98,3.68,0.37,211,-41.56
275,0.0005,0.1,1,80,1,0.8,0.1,38.17,40.35,2.17,0.15,110,-23.26
276,0.00025,0.1,0.25,100,1,0.8,0.1,302.22,307.61,5.38,0.61,323,247.41
277,0.0003,0.1,0.25,100,1,0.8,0.1,167.18,171.94,4.76,0.39,283,22.12
278,0.0005,0.1,0.25,100,1,0.8,0.1,74.29,77.21,2.92,0.23,165,0.95
279,0.00025,0.1,1,100,1,0.8,0.1,84.77,89.22,4.44,0.22,254,-14.84
280,0.0003,0.1,1,100,1,0.8,0.1,89.97,93.68,3.71,0.25,214,-18.51
281,0.0005,0.1,1,100,1,0.8,0.1,-17.74,-15.59,2.15,-0.05,114,-56.29
282,0.00025,0.1,0.25,140,1,0.8,0.1,104.23,109.77,5.54,0.15,329,74.07
283,0.0003,0.1,0.25,140,1,0.8,0.1,30.05,34.90,4.85,0.05,290,-107.68
284,0.0005,0.1,0.25,140,1,0.8,0.1,-31.59,-28.63,2.96,-0.05,166,-30.78
285,0.00025,0.1,1,140,1,0.8,0.1,60.31,65.07,4.75,0.13,272,-55.56
286,0.0003,0.1,1,140,1,0.8,0.1,-14.60,-10.93,3.67,-0.03,213,-43.83
287,0.0005,0.1,1,140,1,0.8,0.1,-176.76,-174.49,2.27,-0.33,114,-144.10
288,0.00025,0.1,0.25,80,0,0,0.35,377.52,383.87,6.35,0.98,395,721.90
289,0.0003,0.1,0.25,80,0,0,0.35,318.57,323.89,5.33,0.78,338,417.68
290,0.0005,0.1,0.25,80,0,0,0.35,150.43,153.55,3.13,0.53,187,115.42
291,0.00025,0.1,1,80,0,0,0.35,239.75,244.90,5.15,0.60,310,125.44
292,0.0003,0.1,1,80,0,0,0.35,166.29,170.50,4.20,0.52,252,107.08
293,0.0005,0.1,1,80,0,0,0.35,-2.60,-0.40,2.20,-0.01,120,-30.71
294,0.00025,0.1,0.25,100,0,0,0.35,298.73,305.53,6.80,0.61,419,195.02
295,0.0003,0.1,0.25,100,0,0,0.35,342.17,347.79,5.62,0.75,348,455.09
296,0.0005,0.1,0.25,100,0,0,0.35,104.52,107.62,3.10,0.24,181,41.64
297,0.00025,0.1,1,100,0,0,0.35,180.24,185.37,5.13,0.45,318,87.30
298,0.0003,0.1,1,100,0,0,0.35,180.63,184.73,4.10,0.46,255,159.22
299,0.0005,0.1,1,100,0,0,0.35,-17.92,-15.68,2.24,-0.04,123,-91.13
300,0.00025,0.1,0.25,140,0,0,0.35,277.69,284.29,6.59,0.41,411,5.43
301,0.0003,0.1,0.25,140,0,0,0.35,209.00,214.42,5.42,0.31,343,132.90
302,0.0005,0.1,0.25,140,0,0,0.35,51.38,54.59,3.21,0.08,187,53.48
303,0.00025,0.1,1,140,0,0,0.35,54.99,60.07,5.07,0.09,308,-40.21
304,0.0003,0.1,1,140,0,0,0.35,50.92,54.93,4.01,0.10,246,-57.91
305,0.0005,0.1,1,140,0,0,0.35,18.63,20.96,2.33,0.04,126,187.26
306,0.00025,0.1,0.25,80,0.2,0,0.35,362.58,368.29,5.72,0.86,362,641.16
307,0.0003,0.1,0.25,80,0.2,0,0.35,309.95,314.86,4.91,0.83,310,446.40
308,0.0005,0.1,0.25,80,0.2,0,0.35,161.69,164.77,3.08,0.49,180,250.09
309,0.00025,0.1,1,80,0.2,0,0.35,221.05,225.60,4.54,0.56,268,126.32
310,0.0003,0.1,1,80,0.2,0,0.35,208.99,212.85,3.86,0.66,226,273.64
311,0.0005,0.1,1,80,0.2,0,0.35,43.71,45.89,2.17,0.20,116,-37.66
312,0.00025,0.1,0.25,100,0.2,0,0.35,321.53,327.45,5.92,0.64,357,361.82
313,0.0003,0.1,0.25,100,0.2,0,0.35,284.09,289.15,5.06,0.64,313,213.98
314,0.0005,0.1,0.25,100,0.2,0,0.35,78.01,81.02,3.01,0.18,172,0.41
315,0.00025,0.1,1,100,0.2,0,0.35,204.08,208.85,4.77,0.47,280,71.76
316,0.0003,0.1,1,100,0.2,0,0.35,130.30,134.20,3.90,0.32,233,56.88
317,0.0005,0.1,1,100,0.2,0,0.35,-3.58,-1.25,2.33,-0.01,120,-61.11
318,0.00025,0.1,0.25,140,0.2,0,0.35,237.47,243.46,5.99,0.39,374,-27.11
319,0.0003,0.1,0.25,140,0.2,0,0.35,159.36,164.37,5.02,0.24,308,-81.07
320,0.0005,0.1,0.25,140,0.2,0,0.35,11.27,14.23,2.96,0.02,176,-25.65
321,0.00025,0.1,1,140,0.2,0,0.35,96.41,100.94,4.52,0.18,273,-60.93
322,0.0003,0.1,1,140,0.2,0,0.35,33.76,37.77,4.00,0.05,232,-73.64
323,0.0005,0.1,1,140,0.2,0,0.35,34.67,36.90,2.22,0.08,119,-22.69
324,0.00025,0.1,0.25,80,0.5,0,0.35,340.33,345.60,5.27,0.76,319,544.74
325,0.0003,0.1,0.25,80,0.5,0,0.35,324.38,329.04,4.65,0.94,283,431.76
326,0.0005,0.1,0.25,80,0.5,0,0.35,161.69,164.71,3.02,0.47,166,-14.83
327,0.00025,0.1,1,80,0.5,0,0.35,256.48,260.91,4.43,0.72,257,362.48
328,0.0003,0.1,1,80,0.5,0,0.35,126.81,130.55,3.74,0.43,210,68.10
329,0.0005,0.1,1,80,0.5,0,0.35,80.21,82.38,2.17,0.36,109,-9.63
330,0.00025,0.1,0.25,100,0.5,0,0.35,299.31,304.90,5.60,0.65,330,296.37
331,0.0003,0.1,0.25,100,0.5,0,0.35,335.89,340.65,4.76,0.78,293,395.27
332,0.0005,0.1,0.25,100,0.5,0,0.35,171.24,174.23,2.98,0.55,169,228.03
333,0.00025,0.1,1,100,0.5,0,0.35,145.78,150.20,4.43,0.33,265,-18.42
334,0.0003,0.1,1,100,0.5,0,0.35,105.84,109.48,3.64,0.27,207,-37.00
335,0.0005,0.1,1,100,0.5,0,0.35,30.63,32.97,2.34,0.13,118,-49.14
336,0.00025,0.1,0.25,140,0.5,0,0.35,268.71,274.38,5.67,0.38,333,-13.86
337,0.0003,0.1,0.25,140,0.5,0,0.35,151.73,156.61,4.88,0.27,290,-42.07
338,0.0005,0.1,0.25,140,0.5,0,0.35,63.51,66.42,2.91,0.15,166,0.66
339,0.00025,0.1,1,140,0.5,0,0.35,77.57,82.01,4.44,0.13,259,-95.98
340,0.0003,0.1,1,140,0.5,0,0.35,47.72,51.30,3.59,0.09,209,37.58
341,0.0005,0.1,1,140,0.5,0,0.35,-16.88,-14.61,2.27,-0.04,119,-52.88
342,0.00025,0.1,0.25,80,1,0,0.35,320.13,325.28,5.16,0.75,305,409.19
343,0.0003,0.1,0.25,80,1,0,0.35,266.78,271.26,4.48,0.71,266,307.84
344,0.0005,0.1,0.25,80,1,0,0.35,152.75,155.66,2.91,0.56,159,141.80
345,0.00025,0.1,1,80,1,0,0.35,216.31,220.67,4.37,0.63,245,222.11
346,0.0003,0.1,1,80,1,0,0.35,182.53,186.02,3.49,0.55,202,50.54
347,0.0005,0.1,1,80,1,0,0.35,49.58,51.81,2.23,0.20,112,-46.42
348,0.00025,0.1,0.25,100,1,0,0.35,266.26,271.57,5.31,0.51,312,175.50
349,0.0003,0.1,0.25,100,1,0,0.35,314.65,319.19,4.54,0.79,273,569.10
350,0.0005,0.1,0.25,100,1,0,0.35,92.06,94.85,2.79,0.26,157,8.06
351,0.00025,0.1,1,100,1,0,0.35,235.64,239.87,4.23,0.63,247,201.11
352,0.0003,0.1,1,100,1,0,0.35,112.31,116.13,3.82,0.34,214,-59.07
353,0.0005,0.1,1,100,1,0,0.35,23.19,25.28,2.09,0.06,108,-32.86
354,0.00025,0.1,0.25,140,1,0,0.35,221.74,227.03,5.29,0.38,314,2.99
355,0.0003,0.1,0.25,140,1,0,0.35,228.87,233.43,4.57,0.42,273,-27.26
356,0.0005,0.1,0.25,140,1,0,0.35,99.93,102.78,2.85,0.20,158,57.87
357,0.00025,0.1,1,140,1,0,0.35,100.61,104.99,4.38,0.20,253,-106.19
358,0.0003,0.1,1,140,1,0,0.35,48.09,51.80,3.71,0.09,206,-40.32
359,0.0005,0.1,1,140,1,0,0.35,-60.91,-58.82,2.09,-0.13,108,-49.50
360,0.00025,0.1,0.25,80,0,0.1,0.35,352.36,358.70,6.35,0.93,398,599.55
361,0.0003,0.1,0.25,80,0,0.1,0.35,319.42,324.78,5.36,0.82,337,462.84
362,0.0005,0.1,0.25,80,0,0.1,0.35,191.12,194.33,3.21,0.54,190,130.83
363,0.00025,0.1,1,80,0,0.1,0.35,227.21,232.25,5.04,0.65,309,234.83
364,0.0003,0.1,1,80,0,0.1,0.35,182.60,186.71,4.10,0.54,252,221.92
365,0.0005,0.1,1,80,0,0.1,0.35,-6.30,-4.03,2.26,-0.02,124,-87.62
366,0.00025,0.1,0.25,100,0,0.1,0.35,382.96,389.54,6.57,0.74,414,495.69
367,0.0003,0.1,0.25,100,0,0.1,0.35,227.01,232.70,5.68,0.55,350,225.43
368,0.0005,0.1,0.25,100,0,0.1,0.35,142.33,145.58,3.25,0.31,191,71.36
369,0.00025,0.1,1,100,0,0.1,0.35,152.15,157.33,5.17,0.37,317,72.59
370,0.0003,0.1,1,100,0,0.1,0.35,95.66,99.74,4.07,0.21,248,-62.98
371,0.0005,0.1,1,100,0,0.1,0.35,2.51,4.82,2.32,0.01,126,-31.47
372,0.00025,0.1,0.25,140,0,0.1,0.35,252.93,259.42,6.49,0.34,409,216.16
373,0.0003,0.1,0.25,140,0,0.1,0.35,149.06,154.47,5.41,0.24,342,-26.57
374,0.0005,0.1,0.25,140,0,0.1,0.35,64.12,67.28,3.16,0.11,188,15.83
375,0.00025,0.1,1,140,0,0.1,0.35,36.62,41.56,4.94,0.06,304,64.60
376,0.0003,0.1,1,140,0,0.1,0.35,42.00,46.11,4.11,0.07,245,-0.38
377,0.0005,0.1,1,140,0,0.1,0.35,0.80,3.20,2.40,0.00,129,121.83
378,0.00025,0.1,0.25,80,0.2,0.1,0.35,352.27,358.01,5.74,0.79,360,533.50
379,0.0003,0.1,0.25,80,0.2,0.1,0.35,340.18,345.04,4.87,0.85,301,582.22
380,0.0005,0.1,0.25,80,0.2,0.1,0.35,176.59,179.71,3.12,0.57,174,153.57
381,0.00025,0.1,1,80,0.2,0.1,0.35,208.17,212.71,4.53,0.56,274,146.89
382,0.0003,0.1,1,80,0.2,0.1,0.35,153.64,157.43,3.78,0.48,221,45.69
383,0.0005,0.1,1,80,0.2,0.1,0.35,4.42,6.54,2.12,0.02,114,-19.53
384,0.00025,0.1,0.25,100,0.2,0.1,0.35,326.67,332.59,5.92,0.71,365,373.20
385,0.0003,0.1,0.25,100,0.2,0.1,0.35,310.62,315.62,5.00,0.74,309,457.83
386,0.0005,0.1,0.25,100,0.2,0.1,0.35,150.18,153.12,2.94,0.38,175,101.14
387,0.00025,0.1,1,100,0.2,0.1,0.35,153.58,158.41,4.83,0.35,282,-21.20
388,0.0003,0.1,1,100,0.2,0.1,0.35,147.08,151.12,4.04,0.36,234,6.08
389,0.0005,0.1,1,100,0.2,0.1,0.35,74.45,76.71,2.27,0.17,120,103.94
390,0.00025,0.1,0.25,140,0.2,0.1,0.35,193.33,199.17,5.84,0.29,360,-29.61
391,0.0003,0.1,0.25,140,0.2,0.1,0.35,207.84,212.99,5.16,0.35,315,14.59
392,0.0005,0.1,0.25,140,0.2,0.1,0.35,42.87,46.00,3.13,0.09,177,-11.18
393,0.00025,0.1,1,140,0.2,0.1,0.35,145.01,149.69,4.68,0.22,279,-45.20
394,0.0003,0.1,1,140,0.2,0.1,0.35,22.04,25.94,3.90,0.04,226,61.83
395,0.0005,0.1,1,140,0.2,0.1,0.35,5.19,7.62,2.43,0.01,125,-65.49
396,0.00025,0.1,0.25,80,0.5,0.1,0.35,332.93,338.38,5.46,0.73,326,536.81
397,0.0003,0.1,0.25,80,0.5,0.1,0.35,322.98,327.69,4.72,0.94,288,673.24
398,0.0005,0.1,0.25,80,0.5,0.1,0.35,148.36,151.24,2.88,0.50,161,92.47
399,0.00025,0.1,1,80,0.5,0.1,0.35,236.98,241.41,4.42,0.56,256,167.45
400,0.0003,0.1,1,80,0.5,0.1,0.35,180.49,184.14,3.65,0.64,205,191.34
401,0.0005,0.1,1,80,0.5,0.1,0.35,-10.19,-8.02,2.16,-0.04,111,0.10
402,0.00025,0.1,0.25,100,0.5,0.1,0.35,295.24,300.69,5.45,0.58,333,137.89
403,0.0003,0.1,0.25,100,0.5,0.1,0.35,269.36,274.17,4.82,0.74,290,316.52
404,0.0005,0.1,0.25,100,0.5,0.1,0.35,106.97,110.02,3.06,0.29,174,73.09
405,0.00025,0.1,1,100,0.5,0.1,0.35,149.46,153.90,4.44,0.36,256,-32.58
406,0.0003,0.1,1,100,0.5,0.1,0.35,77.04,80.83,3.79,0.22,216,-61.93
407,0.0005,0.1,1,100,0.5,0.1,0.35,78.41,80.65,2.24,0.19,120,-46.25
408,0.00025,0.1,0.25,140,0.5,0.1,0.35,248.26,253.88,5.62,0.38,339,31.85
409,0.0003,0.1,0.25,140,0.5,0.1,0.35,172.10,176.95,4.84,0.26,293,83.11
410,0.0005,0.1,0.25,140,0.5,0.1,0.35,92.30,95.28,2.98,0.18,169,-15.77
411,0.00025,0.1,1,140,0.5,0.1,0.35,171.44,175.91,4.47,0.31,257,47.46
412,0.0003,0.1,1,140,0.5,0.1,0.35,58.18,61.83,3.64,0.09,210,-52.17
413,0.0005,0.1,1,140,0.5,0.1,0.35,90.99,93.20,2.21,0.19,119,-15.40
414,0.00025,0.1,0.25,80,1,0.1,0.35,347.66,352.75,5.09,0.93,303,840.81
415,0.0003,0.1,0.25,80,1,0.1,0.35,296.46,300.85,4.39,0.83,263,489.77
416,0.0005,0.1,0.25,80,1,0.1,0.35,143.26,146.20,2.94,0.54,161,128.77
417,0.00025,0.1,1,80,1,0.1,0.35,177.71,181.77,4.06,0.52,237,85.01
418,0.0003,0.1,1,80,1,0.1,0.35,128.83,132.39,3.56,0.44,206,21.17
419,0.0005,0.1,1,80,1,0.1,0.35,-4.27,-2.25,2.02,-0.02,105,-89.61
420,0.00025,0.1,0.25,100,1,0.1,0.35,330.76,336.15,5.39,0.71,315,356.48
421,0.0003,0.1,0.25,100,1,0.1,0.35,296.43,300.98,4.55,0.72,271,370.14
422,0.0005,0.1,0.25,100,1,0.1,0.35,138.37,141.20,2.83,0.39,162,-14.33
423,0.00025,0.1,1,100,1,0.1,0.35,237.78,242.10,4.33,0.59,252,148.02
424,0.0003,0.1,1,100,1,0.1,0.35,87.49,91.11,3.62,0.23,206,-15.13
425,0.0005,0.1,1,100,1,0.1,0.35,58.62,60.75,2.12,0.20,110,9.19
426,0.00025,0.1,0.25,140,1,0.1,0.35,201.58,207.00,5.42,0.29,322,70.66
427,0.0003,0.1,0.25,140,1,0.1,0.35,193.84,198.49,4.65,0.35,279,-13.67
428,0.0005,0.1,0.25,140,1,0.1,0.35,130.24,133.11,2.87,0.25,158,16.22
429,0.00025,0.1,1,140,1,0.1,0.35,116.18,120.43,4.25,0.23,246,6.79
430,0.0003,0.1,1,140,1,0.1,0.35,-19.48,-15.87,3.60,-0.04,205,-132.33
431,0.0005,0.1,1,140,1,0.1,0.35,25.81,27.85,2.05,0.05,108,15.99
432,0.00025,0.1,0.25,80,0,0.5,0.35,341.72,348.15,6.43,0.87,408,548.35
433,0.0003,0.1,0.25,80,0,0.5,0.35,329.92,335.36,5.44,0.89,348,576.76
434,0.0005,0.1,0.25,80,0,0.5,0.35,130.70,133.87,3.16,0.38,190,-1.09
435,0.00025,0.1,1,80,0,0.5,0.35,233.00,237.98,4.98,0.61,303,26.44
436,0.0003,0.1,1,80,0,0.5,0.35,186.29,190.45,4.16,0.59,250,158.89
437,0.0005,0.1,1,80,0,0.5,0.35,-6.34,-4.09,2.26,-0.02,123,-24.59
438,0.00025,0.1,0.25,100,0,0.5,0.35,338.72,345.39,6.67,0.75,411,502.03
439,0.0003,0.1,0.25,100,0,0.5,0.35,303.65,309.22,5.57,0.69,353,260.46
440,0.0005,0.1,0.25,100,0,0.5,0.35,66.99,70.24,3.25,0.16,192,-12.65
441,0.00025,0.1,1,100,0,0.5,0.35,194.90,200.12,5.22,0.46,315,65.19
442,0.0003,0.1,1,100,0,0.5,0.35,118.66,122.75,4.09,0.36,249,113.09
443,0.0005,0.1,1,100,0,0.5,0.35,-28.37,-26.09,2.28,-0.08,123,-77.16
444,0.00025,0.1,0.25,140,0,0.5,0.35,215.42,222.01,6.59,0.32,408,71.47
445,0.0003,0.1,0.25,140,0,0.5,0.35,168.30,173.83,5.53,0.24,346,74.15
446,0.0005,0.1,0.25,140,0,0.5,0.35,21.32,24.52,3.21,0.04,187,-46.92
447,0.00025,0.1,1,140,0,0.5,0.35,93.89,98.93,5.04,0.16,311,-41.99
448,0.0003,0.1,1,140,0,0.5,0.35,60.19,64.40,4.21,0.11,252,-32.24
449,0.0005,0.1,1,140,0,0.5,0.35,-63.25,-60.92,2.33,-0.12,127,-36.49
450,0.00025,0.1,0.25,80,0.2,0.5,0.35,397.06,402.80,5.74,0.77,349,532.62
451,0.0003,0.1,0.25,80,0.2,0.5,0.35,341.86,346.93,5.07,0.89,310,500.76
452,0.0005,0.1,0.25,80,0.2,0.5,0.35,120.95,123.91,2.96,0.47,172,170.43
453,0.00025,0.1,1,80,0.2,0.5,0.35,225.37,230.01,4.64,0.56,273,69.05
454,0.0003,0.1,1,80,0.2,0.5,0.35,186.35,190.13,3.77,0.70,228,180.92
455,0.0005,0.1,1,80,0.2,0.5,0.35,7.43,9.73,2.30,0.03,120,-106.04
456,0.00025,0.1,0.25,100,0.2,0.5,0.35,305.02,310.83,5.81,0.70,356,437.13
457,0.0003,0.1,0.25,100,0.2,0.5,0.35,287.47,292.45,4.97,0.66,314,287.47
458,0.0005,0.1,0.25,100,0.2,0.5,0.35,71.57,74.58,3.00,0.16,170,3.52
459,0.00025,0.1,1,100,0.2,0.5,0.35,207.91,212.64,4.72,0.44,278,-11.50
460,0.0003,0.1,1,100,0.2,0.5,0.35,157.49,161.46,3.98,0.42,233,-37.97
461,0.0005,0.1,1,100,0.2,0.5,0.35,18.76,20.96,2.20,0.06,117,47.62
462,0.00025,0.1,0.25,140,0.2,0.5,0.35,262.98,268.89,5.91,0.39,367,130.12
463,0.0003,0.1,0.25,140,0.2,0.5,0.35,108.13,113.15,5.03,0.20,309,3.21
464,0.0005,0.1,0.25,140,0.2,0.5,0.35,98.46,101.44,2.97,0.18,170,94.10
465,0.00025,0.1,1,140,0.2,0.5,0.35,106.94,111.55,4.61,0.17,274,-49.27
466,0.0003,0.1,1,140,0.2,0.5,0.35,42.02,45.84,3.82,0.07,225,-37.87
467,0.0005,0.1,1,140,0.2,0.5,0.35,-10.41,-8.02,2.38,-0.03,127,-85.33
468,0.00025,0.1,0.25,80,0.5,0.5,0.35,353.77,358.95,5.18,0.83,317,506.00
469,0.0003,0.1,0.25,80,0.5,0.5,0.35,342.85,347.33,4.48,1.02,272,662.66
470,0.0005,0.1,0.25,80,0.5,0.5,0.35,185.03,187.90,2.87,0.65,167,165.62
471,0.00025,0.1,1,80,0.5,0.5,0.35,135.40,139.74,4.34,0.38,256,-9.25
472,0.0003,0.1,1,80,0.5,0.5,0.35,160.80,164.40,3.60,0.50,209,50.33
473,0.0005,0.1,1,80,0.5,0.5,0.35,72.86,75.20,2.34,0.31,121,-1.85
474,0.00025,0.1,0.25,100,0.5,0.5,0.35,321.40,326.77,5.37,0.69,326,311.78
475,0.0003,0.1,0.25,100,0.5,0.5,0.35,273.00,277.88,4.88,0.66,295,293.37
476,0.0005,0.1,0.25,100,0.5,0.5,0.35,146.42,149.33,2.91,0.49,166,110.84
477,0.00025,0.1,1,100,0.5,0.5,0.35,140.22,144.64,4.42,0.41,260,-0.75
478,0.0003,0.1,1,100,0.5,0.5,0.35,85.07,88.82,3.74,0.24,215,29.75
479,0.0005,0.1,1,100,0.5,0.5,0.35,-1.91,0.32,2.23,-0.01,118,-35.33
480,0.00025,0.1,0.25,140,0.5,0.5,0.35,236.10,241.60,5.50,0.36,334,137.12
481,0.0003,0.1,0.25,140,0.5,0.5,0.35,293.43,298.35,4.92,0.53,295,174.87
482,0.0005,0.1,0.25,140,0.5,0.5,0.35,111.93,114.88,2.95,0.21,168,87.16
483,0.00025,0.1,1,140,0.5,0.5,0.35,166.38,170.87,4.49,0.30,261,-22.90
484,0.0003,0.1,1,140,0.5,0.5,0.35,61.46,65.18,3.72,0.11,213,7.14
485,0.0005,0.1,1,140,0.5,0.5,0.35,-27.50,-25.20,2.30,-0.05,120,7.55
486,0.00025,0.1,0.25,80,1,0.5,0.35,353.90,359.05,5.15,0.94,299,584.29
487,0.0003,0.1,0.25,80,1,0.5,0.35,306.15,310.72,4.57,0.93,267,440.41
488,0.0005,0.1,0.25,80,1,0.5,0.35,164.11,166.95,2.85,0.47,159,24.45
489,0.00025,0.1,1,80,1,0.5,0.35,244.44,248.67,4.23,0.72,250,351.66
490,0.0003,0.1,1,80,1,0.5,0.35,126.28,129.81,3.53,0.39,197,-14.13
491,0.0005,0.1,1,80,1,0.5,0.35,117.24,119.27,2.02,0.58,105,68.91
492,0.00025,0.1,0.25,100,1,0.5,0.35,363.58,368.80,5.22,0.79,313,451.27
493,0.0003,0.1,0.25,100,1,0.5,0.35,286.26,290.80,4.54,0.84,274,461.66
494,0.0005,0.1,0.25,100,1,0.5,0.35,92.87,95.63,2.76,0.28,153,55.33
495,0.00025,0.1,1,100,1,0.5,0.35,263.70,268.19,4.48,0.70,262,315.50
496,0.0003,0.1,1,100,1,0.5,0.35,155.59,159.23,3.64,0.39,210,35.58
497,0.0005,0.1,1,100,1,0.5,0.35,40.72,42.77,2.05,0.15,109,-27.42
498,0.00025,0.1,0.25,140,1,0.5,0.35,272.67,277.93,5.25,0.41,316,8.72
499,0.0003,0.1,0.25,140,1,0.5,0.35,143.76,148.30,4.54,0.22,269,1.74
500,0.0005,0.1,0.25,140,1,0.5,0.35,51.94,54.79,2.85,0.10,156,-25.88
501,0.00025,0.1,1,140,1,0.5,0.35,209.99,214.37,4.39,0.41,256,44.70
502,0.0003,0.1,1,140,1,0.5,0.35,78.97,82.82,3.85,0.15,212,-55.24
503,0.0005,0.1,1,140,1,0.5,0.35,68.60,70.76,2.15,0.17,110,68.63
504,0.00025,0.1,0.25,80,0,0.8,0.35,399.89,406.28,6.40,0.96,399,516.44
505,0.0003,0.1,0.25,80,0,0.8,0.35,343.85,349.10,5.26,1.00,336,758.58
506,0.0005,0.1,0.25,80,0,0.8,0.35,191.53,194.63,3.09,0.60,188,278.13
507,0.00025,0.1,1,80,0,0.8,0.35,222.98,227.93,4.96,0.70,305,215.52
508,0.0003,0.1,1,80,0,0.8,0.35,186.32,190.38,4.06,0.58,254,92.76
509,0.0005,0.1,1,80,0,0.8,0.35,24.30,26.64,2.33,0.11,120,-83.80
510,0.00025,0.1,0.25,100,0,0.8,0.35,347.47,353.88,6.41,0.72,406,401.69
511,0.0003,0.1,0.25,100,0,0.8,0.35,284.39,289.91,5.52,0.63,348,414.59
512,0.0005,0.1,0.25,100,0,0.8,0.35,87.01,90.20,3.19,0.19,190,-27.29
513,0.00025,0.1,1,100,0,0.8,0.35,219.70,224.67,4.97,0.51,308,131.32
514,0.0003,0.1,1,100,0,0.8,0.35,49.11,53.19,4.08,0.13,247,-27.29
515,0.0005,0.1,1,100,0,0.8,0.35,-25.31,-23.00,2.30,-0.08,127,-43.62
516,0.00025,0.1,0.25,140,0,0.8,0.35,253.57,260.17,6.60,0.37,412,197.92
517,0.0003,0.1,0.25,140,0,0.8,0.35,215.15,220.58,5.43,0.31,345,78.37
518,0.0005,0.1,0.25,140,0,0.8,0.35,34.44,37.71,3.27,0.06,191,-42.83
519,0.00025,0.1,1,140,0,0.8,0.35,108.70,113.66,4.96,0.23,303,-8.51
520,0.0003,0.1,1,140,0,0.8,0.35,50.12,54.29,4.17,0.09,249,-13.07
521,0.0005,0.1,1,140,0,0.8,0.35,-30.10,-27.75,2.36,-0.06,126,-4.18
522,0.00025,0.1,0.25,80,0.2,0.8,0.35,399.45,405.08,5.63,0.90,346,751.47
523,0.0003,0.1,0.25,80,0.2,0.8,0.35,296.08,300.91,4.83,0.74,300,377.48
524,0.0005,0.1,0.25,80,0.2,0.8,0.35,107.43,110.46,3.03,0.33,179,12.40
525,0.00025,0.1,1,80,0.2,0.8,0.35,182.81,187.53,4.71,0.52,282,60.09
526,0.0003,0.1,1,80,0.2,0.8,0.35,233.07,236.89,3.82,0.69,226,250.35
527,0.0005,0.1,1,80,0.2,0.8,0.35,24.08,26.26,2.18,0.08,117,-59.15
528,0.00025,0.1,0.25,100,0.2,0.8,0.35,357.20,363.03,5.83,0.67,362,371.20
529,0.0003,0.1,0.25,100,0.2,0.8,0.35,267.76,272.87,5.11,0.66,316,326.00
530,0.0005,0.1,0.25,100,0.2,0.8,0.35,106.38,109.51,3.12,0.26,177,72.68
531,0.00025,0.1,1,100,0.2,0.8,0.35,218.29,223.03,4.75,0.45,280,35.10
532,0.0003,0.1,1,100,0.2,0.8,0.35,110.35,114.17,3.83,0.27,219,-85.48
533,0.0005,0.1,1,100,0.2,0.8,0.35,-12.03,-9.83,2.21,-0.04,119,-170.89
534,0.00025,0.1,0.25,140,0.2,0.8,0.35,189.31,195.19,5.88,0.26,365,-5.37
535,0.0003,0.1,0.25,140,0.2,0.8,0.35,242.20,247.25,5.05,0.38,308,120.84
536,0.0005,0.1,0.25,140,0.2,0.8,0.35,32.08,35.07,2.99,0.06,171,-66.02
537,0.00025,0.1,1,140,0.2,0.8,0.35,86.28,90.91,4.63,0.15,273,16.07
538,0.0003,0.1,1,140,0.2,0.8,0.35,25.45,29.32,3.87,0.04,231,-43.97
539,0.0005,0.1,1,140,0.2,0.8,0.35,-22.34,-20.01,2.32,-0.04,122,-72.37
540,0.00025,0.1,0.25,80,0.5,0.8,0.35,340.31,345.58,5.28,0.80,320,369.48
541,0.0003,0.1,0.25,80,0.5,0.8,0.35,330.73,335.25,4.52,0.87,274,499.93
542,0.0005,0.1,0.25,80,0.5,0.8,0.35,127.92,130.76,2.83,0.37,165,60.93
543,0.00025,0.1,1,80,0.5,0.8,0.35,224.22,228.56,4.34,0.63,253,196.65
544,0.0003,0.1,1,80,0.5,0.8,0.35,118.23,121.96,3.73,0.38,217,-14.04
545,0.0005,0.1,1,80,0.5,0.8,0.35,75.48,77.73,2.25,0.39,114,38.89
546,0.00025,0.1,0.25,100,0.5,0.8,0.35,286.01,291.58,5.58,0.62,339,274.02
547,0.0003,0.1,0.25,100,0.5,0.8,0.35,319.10,323.79,4.69,0.80,284,465.13
548,0.0005,0.1,0.25,100,0.5,0.8,0.35,121.95,125.00,3.05,0.31,168,48.83
549,0.00025,0.1,1,100,0.5,0.8,0.35,192.26,196.70,4.44,0.50,264,100.48
550,0.0003,0.1,1,100,0.5,0.8,0.35,126.68,130.37,3.69,0.41,205,43.95
551,0.0005,0.1,1,100,0.5,0.8,0.35,80.19,82.34,2.15,0.20,113,-22.26
552,0.00025,0.1,0.25,140,0.5,0.8,0.35,188.06,193.69,5.63,0.28,336,-1.45
553,0.0003,0.1,0.25,140,0.5,0.8,0.35,218.35,223.10,4.75,0.36,291,37.58
554,0.0005,0.1,0.25,140,0.5,0.8,0.35,67.22,70.13,2.91,0.14,163,-26.66
555,0.00025,0.1,1,140,0.5,0.8,0.35,165.15,169.65,4.50,0.33,259,-44.32
556,0.0003,0.1,1,140,0.5,0.8,0.35,74.85,78.49,3.64,0.15,209,-75.83
557,0.0005,0.1,1,140,0.5,0.8,0.35,-2.17,0.05,2.22,-0.01,118,-35.80
558,0.00025,0.1,0.25,80,1,0.8,0.35,298.40,303.42,5.02,0.69,302,356.12
559,0.0003,0.1,0.25,80,1,0.8,0.35,324.22,328.83,4.61,1.01,267,534.05
560,0.0005,0.1,0.25,80,1,0.8,0.35,120.62,123.39,2.76,0.37,157,86.66
561,0.00025,0.1,1,80,1,0.8,0.35,180.62,184.78,4.16,0.46,238,50.65
562,0.0003,0.1,1,80,1,0.8,0.35,124.06,127.65,3.59,0.43,200,-7.66
563,0.0005,0.1,1,80,1,0.8,0.35,117.04,119.27,2.23,0.50,115,108.10
564,0.00025,0.1,0.25,100,1,0.8,0.35,254.78,260.11,5.33,0.56,309,234.27
565,0.0003,0.1,0.25,100,1,0.8,0.35,288.59,293.15,4.56,0.77,269,322.33
566,0.0005,0.1,0.25,100,1,0.8,0.35,115.49,118.25,2.75,0.28,156,58.54
567,0.00025,0.1,1,100,1,0.8,0.35,223.62,228.07,4.46,0.50,252,71.07
568,0.0003,0.1,1,100,1,0.8,0.35,225.09,228.79,3.70,0.64,208,151.55
569,0.0005,0.1,1,100,1,0.8,0.35,17.92,19.92,1.99,0.05,105,-41.52
570,0.00025,0.1,0.25,140,1,0.8,0.35,206.01,211.44,5.42,0.31,321,-67.43
571,0.0003,0.1,0.25,140,1,0.8,0.35,161.47,166.05,4.58,0.32,270,-16.82
572,0.0005,0.1,0.25,140,1,0.8,0.35,103.05,105.93,2.88,0.24,161,66.85
573,0.00025,0.1,1,140,1,0.8,0.35,110.93,115.35,4.41,0.20,249,-51.12
574,0.0003,0.1,1,140,1,0.8,0.35,85.05,88.58,3.53,0.17,208,-1.56
575,0.0005,0.1,1,140,1,0.8,0.35,4.97,7.00,2.04,0.01,110,4.68
