variant  place_thresh  cancel_buffer  max_pos  max_back_levels  cross_thresh  cross_limit_maxpos_frac  premium_ema_coef  pred_momentum_coef  curv_impulse_coef  per_order_widen_frac  avg_pnl  avg_closed_pnl  avg_comm  sharpe  num_trds  sim_score
47       0.0003        0.1            80       4                0.0045        0.2                      0.5               0                   0                  0.25                  362.36   370.08          7.73      1.02    481       552.57
28       0.00025       0.1            80       4                0.0045        0.2                      0.2               0                   0                  0.25                  353.54   362.32          8.78      0.71    549       560.04
124      0.00025       0.1            80       4                0.0045        0.4                      0.5               0                   0                  0.5                   423.27   431.88          8.60      0.86    531       564.09
136      0.00025       0.1            80       4                0.0045        0.2                      0.8               0                   0                  0.5                   384.57   393.09          8.52      0.87    532       575.91
50       0.00025       0.1            80       4                0.003         0.4                      0.5               0                   0                  0.25                  407.04   416.22          9.19      0.95    551       581.67
34       0.00025       0.1            80       4                0.0045        0.4                      0.2               0                   0                  0.25                  403.54   412.36          8.81      0.81    551       583.49
8        0.00025       0.1            80       4                0.003         0.2                      0                 0                   0                  0.25                  361.98   371.26          9.28      0.78    554       590.95
38       0.00025       0.1            80       4                0.003         0.1                      0.5               0                   0                  0.25                  406.99   416.22          9.23      0.88    550       624.08
93       0.0003        0.1            80       4                0.003         0.1                      0.2               0                   0                  0.5                   396.54   404.34          7.80      1.14    463       632.92
58       0.00025       0.1            80       4                0.0045        0.1                      0.8               0                   0                  0.25                  391.82   400.47          8.65      0.84    547       641.71
26       0.00025       0.1            80       4                0.003         0.2                      0.2               0                   0                  0.25                  391.83   401.02          9.20      0.91    549       651.11
2        0.00025       0.1            80       4                0.003         0.1                      0                 0                   0                  0.25                  410.93   420.19          9.26      0.86    550       653.59
29       0.0003        0.1            80       4                0.0045        0.2                      0.2               0                   0                  0.25                  388.40   396.09          7.69      1.06    477       663.76
16       0.00025       0.1            80       4                0.0045        0.4                      0                 0                   0                  0.25                  384.56   393.32          8.77      0.88    544       664.26
134      0.00025       0.1            80       4                0.003         0.2                      0.8               0                   0                  0.5                   414.81   423.93          9.12      0.87    546       668.22
4        0.00025       0.1            80       4                0.0045        0.1                      0                 0                   0                  0.25                  385.95   394.67          8.72      0.82    545       669.99
110      0.00025       0.1            80       4                0.003         0.1                      0.5               0                   0                  0.5                   444.71   453.84          9.13      0.93    546       696.88
56       0.00025       0.1            80       4                0.003         0.1                      0.8               0                   0                  0.25                  392.42   401.57          9.15      0.85    547       705.78
106      0.00025       0.1            80       4                0.0045        0.4                      0.2               0                   0                  0.5                   439.45   448.08          8.63      1.01    535       707.71
70       0.00025       0.1            80       4                0.0045        0.4                      0.8               0                   0                  0.25                  394.83   403.57          8.74      0.89    547       708.18
53       0.0003        0.1            80       4                0.0045        0.4                      0.5               0                   0                  0.25                  410.49   418.17          7.68      1.06    475       709.56
94       0.00025       0.1            80       4                0.0045        0.1                      0.2               0                   0                  0.5                   383.33   391.97          8.63      0.84    536       710.85
52       0.00025       0.1            80       4                0.0045        0.4                      0.5               0                   0                  0.25                  377.04   385.84          8.81      0.89    545       718.40
64       0.00025       0.1            80       4                0.0045        0.2                      0.8               0                   0                  0.25                  383.54   392.30          8.76      0.85    543       719.34
41       0.0003        0.1            80       4                0.0045        0.1                      0.5               0                   0                  0.25                  388.19   395.87          7.68      0.83    475       721.55
113      0.0003        0.1            80       4                0.0045        0.1                      0.5               0                   0                  0.5                   388.19   395.53          7.34      0.99    454       723.50
100      0.00025       0.1            80       4                0.0045        0.2                      0.2               0                   0                  0.5                   423.07   431.61          8.54      0.91    541       732.76
62       0.00025       0.1            80       4                0.003         0.2                      0.8               0                   0                  0.25                  434.00   443.08          9.08      0.97    543       733.86
88       0.00025       0.1            80       4                0.0045        0.4                      0                 0                   0                  0.5                   402.48   411.03          8.55      0.98    536       737.67
68       0.00025       0.1            80       4                0.003         0.4                      0.8               0                   0                  0.25                  447.18   456.43          9.26      1.00    551       741.14
44       0.00025       0.1            80       4                0.003         0.2                      0.5               0                   0                  0.25                  414.21   423.30          9.09      0.82    549       743.59
33       0.0003        0.1            80       4                0.003         0.4                      0.2               0                   0                  0.25                  411.17   419.36          8.19      1.33    484       744.53
105      0.0003        0.1            80       4                0.003         0.4                      0.2               0                   0                  0.5                   417.07   425.10          8.03      1.22    468       749.54
75       0.0003        0.1            80       4                0.003         0.1                      0                 0                   0                  0.5                   441.08   449.05          7.97      1.21    474       751.69
92       0.00025       0.1            80       4                0.003         0.1                      0.2               0                   0                  0.5                   391.02   400.05          9.04      0.79    544       752.19
20       0.00025       0.1            80       4                0.003         0.1                      0.2               0                   0                  0.25                  393.42   402.56          9.15      0.98    550       752.93
80       0.00025       0.1            80       4                0.003         0.2                      0                 0                   0                  0.5                   414.64   423.80          9.16      0.87    545       753.04
59       0.0003        0.1            80       4                0.0045        0.1                      0.8               0                   0                  0.25                  388.20   395.89          7.70      1.07    475       754.12
125      0.0003        0.1            80       4                0.0045        0.4                      0.5               0                   0                  0.5                   371.06   378.57          7.52      1.00    461       755.52
39       0.0003        0.1            80       4                0.003         0.1                      0.5               0                   0                  0.25                  411.92   420.06          8.14      1.03    484       756.71
23       0.0003        0.1            80       4                0.0045        0.1                      0.2               0                   0                  0.25                  392.10   399.84          7.73      1.08    475       764.62
82       0.00025       0.1            80       4                0.0045        0.2                      0                 0                   0                  0.5                   412.34   420.91          8.57      0.92    538       764.81
51       0.0003        0.1            80       4                0.003         0.4                      0.5               0                   0                  0.25                  436.32   444.66          8.34      1.08    487       768.97
22       0.00025       0.1            80       4                0.0045        0.1                      0.2               0                   0                  0.25                  413.36   422.05          8.69      0.94    543       772.00
83       0.0003        0.1            80       4                0.0045        0.2                      0                 0                   0                  0.5                   392.56   399.94          7.38      1.16    457       777.27
140      0.00025       0.1            80       4                0.003         0.4                      0.8               0                   0                  0.5                   459.97   469.01          9.04      1.12    539       782.01
21       0.0003        0.1            80       4                0.003         0.1                      0.2               0                   0                  0.25                  418.92   427.02          8.09      1.26    482       787.21
63       0.0003        0.1            80       4                0.003         0.2                      0.8               0                   0                  0.25                  412.33   420.35          8.01      1.23    478       789.94
95       0.0003        0.1            80       4                0.0045        0.1                      0.2               0                   0                  0.5                   410.15   417.57          7.43      1.09    464       795.51
5        0.0003        0.1            80       4                0.0045        0.1                      0                 0                   0                  0.25                  410.85   418.50          7.65      1.03    477       797.05
15       0.0003        0.1            80       4                0.003         0.4                      0                 0                   0                  0.25                  391.11   399.44          8.32      1.23    487       797.52
35       0.0003        0.1            80       4                0.0045        0.4                      0.2               0                   0                  0.25                  416.49   424.26          7.78      1.18    475       797.58
10       0.00025       0.1            80       4                0.0045        0.2                      0                 0                   0                  0.25                  457.68   466.39          8.71      0.93    538       798.59
89       0.0003        0.1            80       4                0.0045        0.4                      0                 0                   0                  0.5                   406.23   413.69          7.46      0.95    456       800.08
76       0.00025       0.1            80       4                0.0045        0.1                      0                 0                   0                  0.5                   447.56   456.11          8.55      0.91    536       801.49
122      0.00025       0.1            80       4                0.003         0.4                      0.5               0                   0                  0.5                   416.79   425.98          9.20      1.02    545       804.77
32       0.00025       0.1            80       4                0.003         0.4                      0.2               0                   0                  0.25                  437.24   446.47          9.23      0.83    553       806.86
137      0.0003        0.1            80       4                0.0045        0.2                      0.8               0                   0                  0.5                   371.60   379.07          7.47      1.06    463       807.50
123      0.0003        0.1            80       4                0.003         0.4                      0.5               0                   0                  0.5                   443.09   451.10          8.01      1.15    476       808.07
46       0.00025       0.1            80       4                0.0045        0.2                      0.5               0                   0                  0.25                  406.10   414.83          8.73      0.85    539       813.61
74       0.00025       0.1            80       4                0.003         0.1                      0                 0                   0                  0.5                   499.22   508.08          8.86      0.94    543       816.31
65       0.0003        0.1            80       4                0.0045        0.2                      0.8               0                   0                  0.25                  410.18   417.86          7.68      1.13    475       816.42
130      0.00025       0.1            80       4                0.0045        0.1                      0.8               0                   0                  0.5                   449.26   457.82          8.57      0.97    533       817.58
81       0.0003        0.1            80       4                0.003         0.2                      0                 0                   0                  0.5                   403.20   411.14          7.94      1.29    472       820.72
99       0.0003        0.1            80       4                0.003         0.2                      0.2               0                   0                  0.5                   454.23   462.10          7.87      1.18    469       822.62
57       0.0003        0.1            80       4                0.003         0.1                      0.8               0                   0                  0.25                  367.96   376.02          8.05      0.86    484       823.64
40       0.00025       0.1            80       4                0.0045        0.1                      0.5               0                   0                  0.25                  417.47   426.20          8.72      1.00    541       824.80
71       0.0003        0.1            80       4                0.0045        0.4                      0.8               0                   0                  0.25                  377.35   385.19          7.84      1.02    475       829.51
143      0.0003        0.1            80       4                0.0045        0.4                      0.8               0                   0                  0.5                   392.06   399.69          7.63      1.10    464       834.47
101      0.0003        0.1            80       4                0.0045        0.2                      0.2               0                   0                  0.5                   408.84   416.41          7.56      0.99    464       843.24
112      0.00025       0.1            80       4                0.0045        0.1                      0.5               0                   0                  0.5                   492.64   501.17          8.53      1.02    534       845.55
86       0.00025       0.1            80       4                0.003         0.4                      0                 0                   0                  0.5                   468.32   477.43          9.11      1.05    543       855.97
117      0.0003        0.1            80       4                0.003         0.2                      0.5               0                   0                  0.5                   446.65   454.57          7.92      1.20    467       862.20
9        0.0003        0.1            80       4                0.003         0.2                      0                 0                   0                  0.25                  416.24   423.46          7.22      1.21    424       865.83
131      0.0003        0.1            80       4                0.0045        0.1                      0.8               0                   0                  0.5                   401.08   408.57          7.49      1.06    460       874.51
142      0.00025       0.1            80       4                0.0045        0.4                      0.8               0                   0                  0.5                   450.77   459.35          8.58      1.04    531       875.95
129      0.0003        0.1            80       4                0.003         0.1                      0.8               0                   0                  0.5                   425.94   433.84          7.90      1.16    466       887.58
87       0.0003        0.1            80       4                0.003         0.4                      0                 0                   0                  0.5                   433.64   441.72          8.08      1.46    474       897.44
107      0.0003        0.1            80       4                0.0045        0.4                      0.2               0                   0                  0.5                   409.59   417.13          7.54      1.27    463       898.32
11       0.0003        0.1            80       4                0.0045        0.2                      0                 0                   0                  0.25                  456.60   464.32          7.73      1.08    479       900.47
45       0.0003        0.1            80       4                0.003         0.2                      0.5               0                   0                  0.25                  441.51   449.69          8.19      1.20    481       903.26
141      0.0003        0.1            80       4                0.003         0.4                      0.8               0                   0                  0.5                   434.43   442.41          7.98      1.28    471       917.01
128      0.00025       0.1            80       4                0.003         0.1                      0.8               0                   0                  0.5                   457.53   466.52          8.99      1.04    541       922.99
14       0.00025       0.1            80       4                0.003         0.4                      0                 0                   0                  0.25                  461.75   471.09          9.35      1.02    555       924.39
27       0.0003        0.1            80       4                0.003         0.2                      0.2               0                   0                  0.25                  451.96   460.12          8.16      1.49    478       927.45
98       0.00025       0.1            80       4                0.003         0.2                      0.2               0                   0                  0.5                   440.59   449.56          8.97      0.95    545       928.39
118      0.00025       0.1            80       4                0.0045        0.2                      0.5               0                   0                  0.5                   457.94   466.43          8.49      0.91    534       933.38
17       0.0003        0.1            80       4                0.0045        0.4                      0                 0                   0                  0.25                  429.69   437.46          7.77      0.99    477       937.59
104      0.00025       0.1            80       4                0.003         0.4                      0.2               0                   0                  0.5                   477.71   486.78          9.07      1.19    537       938.47
116      0.00025       0.1            80       4                0.003         0.2                      0.5               0                   0                  0.5                   502.16   511.14          8.98      1.05    543       948.23
111      0.0003        0.1            80       4                0.003         0.1                      0.5               0                   0                  0.5                   426.99   434.76          7.77      1.15    467       956.36
135      0.0003        0.1            80       4                0.003         0.2                      0.8               0                   0                  0.5                   443.35   451.36          8.01      1.24    469       966.17
119      0.0003        0.1            80       4                0.0045        0.2                      0.5               0                   0                  0.5                   410.11   417.55          7.44      1.08    458       969.78
69       0.0003        0.1            80       4                0.003         0.4                      0.8               0                   0                  0.25                  458.72   467.09          8.36      1.15    489       991.35
77       0.0003        0.1            80       4                0.0045        0.1                      0                 0                   0                  0.5                   470.88   478.32          7.44      1.24    459       1011.06
3        0.0003        0.1            80       4                0.003         0.1                      0                 0                   0                  0.25                  417.23   425.33          8.10      1.07    479       1014.58
19       0.0003        0.1            80       4                0.0015        0.1                      0.2               0                   0                  0.25                  772.94   791.54          18.60     1.64    696       1473.90
6        0.00025       0.1            80       4                0.0015        0.2                      0                 0                   0                  0.25                  770.55   791.40          20.85     1.62    786       1496.19
55       0.0003        0.1            80       4                0.0015        0.1                      0.8               0                   0                  0.25                  823.88   843.17          19.28     1.86    706       1509.50
24       0.00025       0.1            80       4                0.0015        0.2                      0.2               0                   0                  0.25                  825.10   846.14          21.04     1.56    785       1560.84
36       0.00025       0.1            80       4                0.0015        0.1                      0.5               0                   0                  0.25                  789.76   809.25          19.48     1.72    759       1569.30
73       0.0003        0.1            80       4                0.0015        0.1                      0                 0                   0                  0.5                   795.01   813.67          18.66     1.96    682       1570.90
18       0.00025       0.1            80       4                0.0015        0.1                      0.2               0                   0                  0.25                  770.49   790.32          19.83     1.60    770       1605.84
108      0.00025       0.1            80       4                0.0015        0.1                      0.5               0                   0                  0.5                   836.90   856.10          19.20     1.79    741       1628.52
37       0.0003        0.1            80       4                0.0015        0.1                      0.5               0                   0                  0.25                  784.42   803.47          19.05     1.84    703       1654.78
1        0.0003        0.1            80       4                0.0015        0.1                      0                 0                   0                  0.25                  779.98   798.40          18.43     1.89    694       1663.77
0        0.00025       0.1            80       4                0.0015        0.1                      0                 0                   0                  0.25                  790.64   810.10          19.46     1.75    761       1666.72
138      0.00025       0.1            80       4                0.0015        0.4                      0.8               0                   0                  0.5                   840.20   862.15          21.95     1.59    729       1699.76
133      0.0003        0.1            80       4                0.0015        0.2                      0.8               0                   0                  0.5                   825.61   845.57          19.97     1.96    700       1702.70
115      0.0003        0.1            80       4                0.0015        0.2                      0.5               0                   0                  0.5                   825.92   846.58          20.67     1.98    718       1705.60
42       0.00025       0.1            80       4                0.0015        0.2                      0.5               0                   0                  0.25                  810.52   831.72          21.20     1.65    785       1718.19
114      0.00025       0.1            80       4                0.0015        0.2                      0.5               0                   0                  0.5                   864.89   885.78          20.89     1.81    780       1724.39
90       0.00025       0.1            80       4                0.0015        0.1                      0.2               0                   0                  0.5                   835.67   855.46          19.79     1.72    757       1729.99
12       0.00025       0.1            80       4                0.0015        0.4                      0                 0                   0                  0.25                  800.85   823.95          23.10     1.83    822       1730.23
85       0.0003        0.1            80       4                0.0015        0.4                      0                 0                   0                  0.5                   825.52   847.91          22.39     1.93    720       1733.18
72       0.00025       0.1            80       4                0.0015        0.1                      0                 0                   0                  0.5                   873.15   892.87          19.72     1.62    748       1733.65
127      0.0003        0.1            80       4                0.0015        0.1                      0.8               0                   0                  0.5                   840.45   858.94          18.49     1.73    684       1735.28
97       0.0003        0.1            80       4                0.0015        0.2                      0.2               0                   0                  0.5                   878.93   899.39          20.46     1.71    713       1740.18
25       0.0003        0.1            80       4                0.0015        0.2                      0.2               0                   0                  0.25                  832.26   852.51          20.26     1.75    724       1755.34
54       0.00025       0.1            80       4                0.0015        0.1                      0.8               0                   0                  0.25                  827.00   846.63          19.63     1.77    755       1756.05
91       0.0003        0.1            80       4                0.0015        0.1                      0.2               0                   0                  0.5                   846.77   865.40          18.63     2.04    680       1756.58
66       0.00025       0.1            80       4                0.0015        0.4                      0.8               0                   0                  0.25                  837.06   860.00          22.94     2.04    802       1770.88
48       0.00025       0.1            80       4                0.0015        0.4                      0.5               0                   0                  0.25                  856.12   879.90          23.78     2.02    834       1777.41
121      0.0003        0.1            80       4                0.0015        0.4                      0.5               0                   0                  0.5                   839.44   861.95          22.50     1.91    721       1794.52
31       0.0003        0.1            80       4                0.0015        0.4                      0.2               0                   0                  0.25                  847.12   870.44          23.32     1.86    775       1805.35
13       0.0003        0.1            80       4                0.0015        0.4                      0                 0                   0                  0.25                  794.30   817.51          23.20     2.27    776       1806.35
96       0.00025       0.1            80       4                0.0015        0.2                      0.2               0                   0                  0.5                   873.28   894.65          21.36     2.00    785       1812.99
103      0.0003        0.1            80       4                0.0015        0.4                      0.2               0                   0                  0.5                   866.49   889.21          22.72     2.03    734       1825.58
84       0.00025       0.1            80       4                0.0015        0.4                      0                 0                   0                  0.5                   809.70   832.53          22.83     1.64    776       1827.65
126      0.00025       0.1            80       4                0.0015        0.1                      0.8               0                   0                  0.5                   816.54   836.05          19.51     1.77    758       1836.08
60       0.00025       0.1            80       4                0.0015        0.2                      0.8               0                   0                  0.25                  871.75   892.78          21.04     1.74    788       1837.07
79       0.0003        0.1            80       4                0.0015        0.2                      0                 0                   0                  0.5                   861.07   881.02          19.95     1.89    705       1851.57
132      0.00025       0.1            80       4                0.0015        0.2                      0.8               0                   0                  0.5                   858.43   879.36          20.93     1.85    778       1853.91
109      0.0003        0.1            80       4                0.0015        0.1                      0.5               0                   0                  0.5                   827.36   846.16          18.80     2.11    685       1854.63
102      0.00025       0.1            80       4                0.0015        0.4                      0.2               0                   0                  0.5                   894.35   917.68          23.32     1.88    791       1911.56
78       0.00025       0.1            80       4                0.0015        0.2                      0                 0                   0                  0.5                   858.60   879.78          21.18     2.00    781       1920.02
120      0.00025       0.1            80       4                0.0015        0.4                      0.5               0                   0                  0.5                   898.78   921.18          22.40     1.82    749       1943.19
67       0.0003        0.1            80       4                0.0015        0.4                      0.8               0                   0                  0.25                  846.59   869.21          22.61     2.03    750       1943.52
7        0.0003        0.1            80       4                0.0015        0.2                      0                 0                   0                  0.25                  863.23   883.36          20.13     2.05    719       1946.83
30       0.00025       0.1            80       4                0.0015        0.4                      0.2               0                   0                  0.25                  936.07   959.62          23.56     1.92    829       1955.10
61       0.0003        0.1            80       4                0.0015        0.2                      0.8               0                   0                  0.25                  809.29   829.54          20.25     2.13    727       1975.76
139      0.0003        0.1            80       4                0.0015        0.4                      0.8               0                   0                  0.5                   851.24   873.52          22.28     2.14    726       1978.38
49       0.0003        0.1            80       4                0.0015        0.4                      0.5               0                   0                  0.25                  844.82   866.76          21.94     1.78    712       1992.27
43       0.0003        0.1            80       4                0.0015        0.2                      0.5               0                   0                  0.25                  899.67   919.62          19.95     2.19    714       2127.71
