variant,place_thresh,cancel_buffer,pred_momentum_coef,per_order_widen_frac,avg_pnl,avg_closed_pnl,avg_comm,sharpe,num_trds,sim_score
0,0.00025,0.1,0,0.1,2118.31,2138.40,20.09,1.66,601,4107.28
1,0.0003,0.1,0,0.1,1877.88,1894.75,16.87,1.57,500,4071.87
2,0.0004,0.1,0,0.1,1396.98,1409.27,12.28,1.09,356,1591.48
3,0.0005,0.1,0,0.1,1178.61,1188.16,9.55,0.97,271,1892.54
4,0.00025,0.2,0,0.1,2170.54,2190.98,20.44,1.61,610,3284.68
5,0.0003,0.2,0,0.1,2055.95,2073.21,17.26,1.55,508,4485.08
6,0.0004,0.2,0,0.1,1551.49,1564.11,12.62,1.22,367,3235.14
7,0.0005,0.2,0,0.1,1256.44,1266.60,10.16,1.19,282,2468.29
8,0.00025,0.3,0,0.1,2212.89,2233.87,20.98,1.58,630,3903.22
9,0.0003,0.3,0,0.1,2022.17,2040.36,18.19,1.89,539,4666.60
10,0.0004,0.3,0,0.1,1597.71,1610.91,13.20,1.23,380,2885.41
11,0.0005,0.3,0,0.1,1345.29,1355.51,10.22,1.45,285,3171.09
12,0.00025,0.1,0.2,0.1,2329.35,2347.73,18.38,1.82,542,6350.35
13,0.0003,0.1,0.2,0.1,2022.94,2038.56,15.61,1.99,452,4479.21
14,0.0004,0.1,0.2,0.1,1388.19,1399.84,11.65,1.12,330,2338.23
15,0.0005,0.1,0.2,0.1,1310.83,1319.71,8.88,1.33,245,3038.30
16,0.00025,0.2,0.2,0.1,2147.03,2165.76,18.73,1.63,549,3863.29
17,0.0003,0.2,0.2,0.1,1747.82,1763.26,15.45,1.16,447,4367.53
18,0.0004,0.2,0.2,0.1,1383.75,1395.47,11.72,1.06,338,2512.17
19,0.0005,0.2,0.2,0.1,1195.05,1204.00,8.95,1.28,252,2832.26
20,0.00025,0.3,0.2,0.1,2126.31,2145.67,19.36,1.56,570,4225.20
21,0.0003,0.3,0.2,0.1,1906.78,1923.19,16.41,1.26,478,3247.37
22,0.0004,0.3,0.2,0.1,1464.26,1476.33,12.06,1.25,342,3171.45
23,0.0005,0.3,0.2,0.1,1400.40,1409.91,9.51,1.37,259,3143.81
24,0.00025,0.1,0.5,0.1,2170.00,2187.28,17.28,1.43,504,4265.04
25,0.0003,0.1,0.5,0.1,1768.98,1783.62,14.65,1.20,420,3483.04
26,0.0004,0.1,0.5,0.1,1330.86,1341.49,10.63,1.14,304,3047.23
27,0.0005,0.1,0.5,0.1,1279.42,1288.02,8.59,1.31,240,2110.65
28,0.00025,0.2,0.5,0.1,1959.57,1976.69,17.12,1.19,494,4046.57
29,0.0003,0.2,0.5,0.1,1721.73,1736.79,15.06,1.14,431,2354.96
30,0.0004,0.2,0.5,0.1,1335.47,1346.30,10.82,1.03,304,2266.24
31,0.0005,0.2,0.5,0.1,1268.34,1277.24,8.90,1.39,248,2557.79
32,0.00025,0.3,0.5,0.1,2035.60,2053.33,17.74,1.30,513,3853.92
33,0.0003,0.3,0.5,0.1,1751.24,1766.10,14.86,1.09,419,3576.37
34,0.0004,0.3,0.5,0.1,1305.62,1316.94,11.33,1.12,317,2687.20
35,0.0005,0.3,0.5,0.1,1384.88,1394.08,9.21,1.34,251,3254.45
36,0.00025,0.1,1,0.1,1890.30,1906.65,16.35,1.26,468,3895.95
37,0.0003,0.1,1,0.1,1768.08,1782.09,14.02,1.27,394,3201.41
38,0.0004,0.1,1,0.1,1328.55,1339.22,10.66,0.90,294,2081.90
39,0.0005,0.1,1,0.1,1129.01,1137.41,8.40,1.14,231,2450.60
40,0.00025,0.2,1,0.1,2040.81,2057.47,16.66,1.32,474,3297.14
41,0.0003,0.2,1,0.1,1726.47,1740.63,14.16,1.08,405,2775.35
42,0.0004,0.2,1,0.1,1289.46,1300.32,10.86,1.18,303,1726.54
43,0.0005,0.2,1,0.1,1110.31,1118.93,8.61,0.93,241,1689.73
44,0.00025,0.3,1,0.1,2066.26,2083.33,17.06,1.29,485,3185.07
45,0.0003,0.3,1,0.1,1797.20,1811.94,14.74,1.11,418,3958.72
46,0.0004,0.3,1,0.1,1428.11,1439.20,11.10,1.03,308,3282.56
47,0.0005,0.3,1,0.1,1169.14,1178.15,9.01,0.94,243,1273.08
48,0.00025,0.1,0,0.35,2359.61,2377.51,17.90,2.94,530,7141.33
49,0.0003,0.1,0,0.35,1906.54,1922.13,15.59,2.93,459,5344.69
50,0.0004,0.1,0,0.35,1671.22,1682.35,11.12,2.09,321,5303.05
51,0.0005,0.1,0,0.35,1224.35,1233.21,8.86,1.99,246,2818.70
52,0.00025,0.2,0,0.35,2331.97,2350.79,18.81,2.52,552,7658.44
53,0.0003,0.2,0,0.35,2206.71,2222.39,15.68,2.91,455,7493.45
54,0.0004,0.2,0,0.35,1636.41,1647.72,11.32,2.08,328,4916.46
55,0.0005,0.2,0,0.35,1405.07,1414.02,8.95,3.05,255,3686.43
56,0.00025,0.3,0,0.35,2331.31,2350.21,18.90,2.75,557,7626.09
57,0.0003,0.3,0,0.35,2133.58,2149.61,16.03,2.67,469,6672.07
58,0.0004,0.3,0,0.35,1751.60,1763.07,11.47,2.30,331,5773.17
59,0.0005,0.3,0,0.35,1490.58,1500.06,9.48,2.17,260,4566.10
60,0.00025,0.1,0.2,0.35,2388.95,2405.77,16.82,2.26,485,7070.02
61,0.0003,0.1,0.2,0.35,1872.84,1887.20,14.36,2.51,409,6321.82
62,0.0004,0.1,0.2,0.35,1595.03,1605.79,10.76,2.34,299,4376.90
63,0.0005,0.1,0.2,0.35,1349.26,1357.09,7.83,2.72,219,3731.79
64,0.00025,0.2,0.2,0.35,2218.02,2235.16,17.14,2.90,492,6279.74
65,0.0003,0.2,0.2,0.35,1973.93,1988.26,14.34,3.26,418,5705.24
66,0.0004,0.2,0.2,0.35,1481.98,1492.47,10.49,1.98,300,3775.77
67,0.0005,0.2,0.2,0.35,1367.97,1376.27,8.31,2.79,228,3506.60
68,0.00025,0.3,0.2,0.35,2322.76,2340.07,17.31,3.38,502,7177.02
69,0.0003,0.3,0.2,0.35,1786.15,1800.89,14.74,2.10,423,6119.78
70,0.0004,0.3,0.2,0.35,1734.22,1745.12,10.89,2.42,305,5539.63
71,0.0005,0.3,0.2,0.35,1406.87,1415.45,8.58,2.81,235,3982.59
72,0.00025,0.1,0.5,0.35,2228.35,2244.26,15.91,2.68,454,7461.10
73,0.0003,0.1,0.5,0.35,1847.12,1860.34,13.22,2.57,370,4628.32
74,0.0004,0.1,0.5,0.35,1482.36,1492.09,9.73,2.33,270,4311.50
75,0.0005,0.1,0.5,0.35,1333.61,1341.50,7.89,1.97,221,3127.50
76,0.00025,0.2,0.5,0.35,2216.54,2232.66,16.11,2.37,454,6823.05
77,0.0003,0.2,0.5,0.35,1904.62,1918.26,13.64,2.55,380,6271.62
78,0.0004,0.2,0.5,0.35,1591.88,1601.88,10.00,2.38,281,3770.45
79,0.0005,0.2,0.5,0.35,1409.49,1417.47,7.98,2.44,220,4283.95
80,0.00025,0.3,0.5,0.35,2223.93,2240.09,16.15,3.31,455,5968.52
81,0.0003,0.3,0.5,0.35,1868.64,1882.51,13.87,2.33,390,5493.22
82,0.0004,0.3,0.5,0.35,1621.04,1631.48,10.44,2.44,285,4241.45
83,0.0005,0.3,0.5,0.35,1397.26,1405.29,8.03,2.27,218,4581.72
84,0.00025,0.1,1,0.35,2017.90,2032.63,14.73,2.34,417,5966.92
85,0.0003,0.1,1,0.35,1865.39,1878.27,12.88,2.67,354,4625.71
86,0.0004,0.1,1,0.35,1500.36,1510.06,9.69,1.79,267,4154.76
87,0.0005,0.1,1,0.35,1326.33,1333.78,7.45,2.13,202,3983.52
88,0.00025,0.2,1,0.35,2131.98,2147.32,15.33,2.54,430,6088.97
89,0.0003,0.2,1,0.35,1752.60,1765.65,13.05,2.31,363,4149.50
90,0.0004,0.2,1,0.35,1601.10,1611.09,9.99,2.00,267,3862.88
91,0.0005,0.2,1,0.35,1543.81,1551.47,7.66,2.66,206,4759.85
92,0.00025,0.3,1,0.35,2200.81,2216.24,15.42,2.76,435,5616.48
93,0.0003,0.3,1,0.35,1881.46,1894.77,13.31,2.24,376,5762.37
94,0.0004,0.3,1,0.35,1508.54,1518.61,10.08,2.37,275,4680.21
95,0.0005,0.3,1,0.35,1435.23,1443.16,7.93,2.46,215,4044.42
96,0.00025,0.1,0,0.5,2091.00,2109.15,18.15,2.95,526,6481.43
97,0.0003,0.1,0,0.5,2010.18,2025.23,15.05,3.15,436,5773.66
98,0.0004,0.1,0,0.5,1686.20,1697.00,10.81,3.03,306,4788.48
99,0.0005,0.1,0,0.5,1237.92,1246.37,8.45,2.58,237,3321.91
100,0.00025,0.2,0,0.5,2359.83,2377.98,18.15,3.08,530,7290.88
101,0.0003,0.2,0,0.5,1838.75,1853.98,15.23,2.95,444,5594.63
102,0.0004,0.2,0,0.5,1677.15,1688.32,11.17,2.43,323,5575.37
103,0.0005,0.2,0,0.5,1449.59,1458.32,8.74,2.90,244,4357.61
104,0.00025,0.3,0,0.5,2302.49,2321.38,18.89,2.71,546,7609.22
105,0.0003,0.3,0,0.5,2268.46,2284.17,15.70,3.02,454,6885.52
106,0.0004,0.3,0,0.5,1764.32,1775.57,11.25,3.86,318,5207.84
107,0.0005,0.3,0,0.5,1430.90,1439.79,8.89,2.96,250,4354.82
108,0.00025,0.1,0.2,0.5,2190.59,2206.51,15.92,3.35,461,6937.44
109,0.0003,0.1,0.2,0.5,1967.17,1980.84,13.68,3.53,393,6515.05
110,0.0004,0.1,0.2,0.5,1594.64,1605.03,10.38,2.57,284,4980.03
111,0.0005,0.1,0.2,0.5,1366.48,1374.33,7.85,3.32,219,4470.53
112,0.00025,0.2,0.2,0.5,2251.35,2267.85,16.50,3.04,473,7086.19
113,0.0003,0.2,0.2,0.5,1964.13,1978.33,14.19,3.11,402,5790.97
114,0.0004,0.2,0.2,0.5,1574.16,1584.67,10.51,2.81,296,4328.26
115,0.0005,0.2,0.2,0.5,1427.86,1435.86,8.01,2.52,218,3717.93
116,0.00025,0.3,0.2,0.5,2498.95,2516.06,17.11,2.49,488,7774.81
117,0.0003,0.3,0.2,0.5,1995.85,2010.30,14.45,3.05,420,6341.91
118,0.0004,0.3,0.2,0.5,1755.65,1766.35,10.69,3.67,295,4943.52
119,0.0005,0.3,0.2,0.5,1484.60,1492.78,8.18,2.49,221,3781.64
120,0.00025,0.1,0.5,0.5,2029.50,2044.59,15.09,3.24,429,6680.42
121,0.0003,0.1,0.5,0.5,1745.55,1758.66,13.12,3.81,368,4736.04
122,0.0004,0.1,0.5,0.5,1599.44,1609.06,9.62,2.43,257,4495.86
123,0.0005,0.1,0.5,0.5,1314.24,1321.85,7.61,1.78,208,3618.40
124,0.00025,0.2,0.5,0.5,2135.38,2151.02,15.64,3.42,440,6744.65
125,0.0003,0.2,0.5,0.5,2038.97,2052.01,13.04,3.05,359,6314.55
126,0.0004,0.2,0.5,0.5,1618.47,1628.15,9.68,2.82,266,4512.92
127,0.0005,0.2,0.5,0.5,1437.70,1445.45,7.76,2.85,212,3897.82
128,0.00025,0.3,0.5,0.5,2263.89,2279.68,15.78,2.56,444,7268.37
129,0.0003,0.3,0.5,0.5,2093.46,2107.20,13.73,3.81,386,6497.11
130,0.0004,0.3,0.5,0.5,1665.13,1675.15,10.02,2.90,273,5038.70
131,0.0005,0.3,0.5,0.5,1460.46,1468.51,8.05,2.61,215,4537.08
132,0.00025,0.1,1,0.5,2118.70,2133.17,14.47,2.88,407,5874.05
133,0.0003,0.1,1,0.5,1773.55,1785.64,12.08,2.96,336,5570.74
134,0.0004,0.1,1,0.5,1610.13,1619.11,8.99,2.86,250,4536.78
135,0.0005,0.1,1,0.5,1290.48,1297.81,7.33,2.18,198,4542.26
136,0.00025,0.2,1,0.5,2143.70,2158.32,14.63,2.79,417,6369.33
137,0.0003,0.2,1,0.5,1884.40,1896.65,12.26,2.88,346,5867.03
138,0.0004,0.2,1,0.5,1632.44,1642.21,9.78,2.30,261,5229.31
139,0.0005,0.2,1,0.5,1358.92,1366.23,7.31,1.99,197,3562.90
140,0.00025,0.3,1,0.5,2077.65,2092.46,14.80,2.87,418,6317.11
141,0.0003,0.3,1,0.5,1799.86,1812.73,12.87,2.28,364,5514.85
142,0.0004,0.3,1,0.5,1601.00,1610.89,9.89,2.18,268,5045.62
143,0.0005,0.3,1,0.5,1322.39,1330.23,7.84,2.26,209,4183.36
144,0.00025,0.1,0,1,2076.22,2092.90,16.68,2.80,482,6196.41
145,0.0003,0.1,0,1,1808.10,1822.37,14.28,3.04,417,5158.96
146,0.0004,0.1,0,1,1492.00,1502.61,10.61,2.94,297,4598.34
147,0.0005,0.1,0,1,1237.75,1245.81,8.06,2.97,220,2851.63
148,0.00025,0.2,0,1,2090.82,2108.09,17.28,3.28,505,5851.10
149,0.0003,0.2,0,1,1948.80,1962.97,14.17,3.29,403,4988.63
150,0.0004,0.2,0,1,1706.35,1716.92,10.57,3.25,301,5385.50
151,0.0005,0.2,0,1,1394.33,1402.67,8.35,2.40,227,3496.51
152,0.00025,0.3,0,1,2209.37,2226.77,17.39,2.90,507,6406.62
153,0.0003,0.3,0,1,2076.84,2091.63,14.80,3.16,427,6229.92
154,0.0004,0.3,0,1,1696.17,1707.20,11.04,2.64,306,5334.35
155,0.0005,0.3,0,1,1478.46,1486.96,8.50,3.01,233,3973.99
156,0.00025,0.1,0.2,1,2084.73,2099.84,15.12,3.18,436,6140.75
157,0.0003,0.1,0.2,1,1728.21,1741.10,12.89,3.32,366,5336.06
158,0.0004,0.1,0.2,1,1553.86,1563.40,9.55,3.66,265,5030.90
159,0.0005,0.1,0.2,1,1179.67,1187.05,7.38,4.24,204,3219.37
160,0.00025,0.2,0.2,1,2030.61,2046.16,15.55,2.93,448,6135.35
161,0.0003,0.2,0.2,1,1956.10,1969.35,13.25,2.69,376,4857.35
162,0.0004,0.2,0.2,1,1586.36,1595.90,9.54,3.89,263,4877.05
163,0.0005,0.2,0.2,1,1289.98,1297.36,7.38,2.40,204,3149.10
164,0.00025,0.3,0.2,1,2086.40,2102.70,16.30,3.20,466,6071.77
165,0.0003,0.3,0.2,1,1826.49,1840.19,13.71,3.37,386,5077.80
166,0.0004,0.3,0.2,1,1448.80,1458.86,10.06,2.94,277,4206.79
167,0.0005,0.3,0.2,1,1350.55,1358.20,7.65,2.88,208,3406.90
168,0.00025,0.1,0.5,1,1986.76,2001.33,14.57,3.19,409,5957.05
169,0.0003,0.1,0.5,1,1829.55,1841.64,12.09,3.77,337,5704.14
170,0.0004,0.1,0.5,1,1450.95,1460.03,9.08,2.76,249,3915.48
171,0.0005,0.1,0.5,1,1317.88,1325.11,7.23,2.67,190,4249.00
172,0.00025,0.2,0.5,1,1941.96,1956.68,14.72,3.71,414,5753.52
173,0.0003,0.2,0.5,1,1816.03,1828.52,12.48,2.88,337,5711.22
174,0.0004,0.2,0.5,1,1540.37,1549.87,9.50,3.00,255,5161.66
175,0.0005,0.2,0.5,1,1421.54,1428.97,7.43,2.84,198,4822.93
176,0.00025,0.3,0.5,1,2005.11,2020.12,15.02,3.65,421,6076.54
177,0.0003,0.3,0.5,1,1877.69,1890.53,12.83,3.29,361,5911.04
178,0.0004,0.3,0.5,1,1616.15,1625.30,9.15,2.91,250,5051.10
179,0.0005,0.3,0.5,1,1432.56,1440.19,7.63,2.72,193,4858.70
180,0.00025,0.1,1,1,1813.95,1827.88,13.93,3.08,391,5762.45
181,0.0003,0.1,1,1,1751.31,1762.98,11.67,2.71,319,5841.84
182,0.0004,0.1,1,1,1478.40,1487.30,8.91,2.47,234,4598.07
183,0.0005,0.1,1,1,1241.97,1248.89,6.92,2.51,186,3808.95
184,0.00025,0.2,1,1,2150.22,2164.32,14.10,2.94,384,7223.73
185,0.0003,0.2,1,1,1710.33,1722.21,11.88,3.20,325,5451.99
186,0.0004,0.2,1,1,1511.08,1520.04,8.95,2.92,241,4831.22
187,0.0005,0.2,1,1,1296.02,1303.14,7.12,2.70,188,3774.37
188,0.00025,0.3,1,1,1852.69,1866.71,14.03,2.54,394,5180.53
189,0.0003,0.3,1,1,1689.59,1701.60,12.00,2.65,334,5546.24
190,0.0004,0.3,1,1,1564.85,1574.17,9.32,3.46,247,4923.87
191,0.0005,0.3,1,1,1380.74,1388.37,7.63,2.33,193,4291.97
