variant,max_pos,max_back_levels,rung_spacing_mult,place_thresh,pred_momentum_coef,curv_impulse_coef,premium_ema_coef,premium_tdc_s,per_order_widen_frac,avg_pnl,avg_closed_pnl,avg_comm,sharpe,num_trds,sim_score
0,8,3,1,5e-05,0,0,0.2,30,1,2440.52,2514.09,73.57,0.80,907,3402.81
1,10,3,1,5e-05,0,0,0.2,30,1,2539.70,2614.21,74.51,0.72,918,3504.31
2,16,3,1,5e-05,0,0,0.2,30,1,2533.39,2608.75,75.36,0.72,924,2877.54
3,24,3,1,5e-05,0,0,0.2,30,1,2560.04,2634.82,74.78,0.71,924,3497.80
4,8,6,1,5e-05,0,0,0.2,30,1,2673.22,2757.19,83.97,0.87,1041,4042.39
5,10,6,1,5e-05,0,0,0.2,30,1,2706.35,2791.66,85.32,0.76,1051,3849.80
6,16,6,1,5e-05,0,0,0.2,30,1,2645.47,2730.78,85.31,0.70,1058,3766.23
7,24,6,1,5e-05,0,0,0.2,30,1,2763.37,2848.94,85.58,0.72,1056,3902.65
8,8,10,1,5e-05,0,0,0.2,30,1,2726.31,2811.29,84.97,0.91,1049,3991.80
9,10,10,1,5e-05,0,0,0.2,30,1,2825.72,2911.47,85.75,0.77,1065,3996.90
10,16,10,1,5e-05,0,0,0.2,30,1,2657.25,2743.33,86.08,0.71,1067,3828.22
11,24,10,1,5e-05,0,0,0.2,30,1,2744.55,2831.04,86.48,0.72,1068,3924.97
12,8,3,2,5e-05,0,0,0.2,30,1,2462.12,2535.03,72.92,0.82,900,3430.47
13,10,3,2,5e-05,0,0,0.2,30,1,2539.44,2612.89,73.45,0.71,903,2872.28
14,16,3,2,5e-05,0,0,0.2,30,1,2513.42,2587.49,74.07,0.69,910,2802.41
15,24,3,2,5e-05,0,0,0.2,30,1,2416.04,2490.24,74.20,0.69,913,2791.38
16,8,6,2,5e-05,0,0,0.2,30,1,2675.64,2753.71,78.07,0.87,964,3268.43
17,10,6,2,5e-05,0,0,0.2,30,1,2593.76,2655.58,61.81,0.90,762,4163.00
18,16,6,2,5e-05,0,0,0.2,30,1,2696.73,2776.56,79.83,0.70,982,3021.14
19,24,6,2,5e-05,0,0,0.2,30,1,2664.92,2744.58,79.67,0.71,982,3030.04
20,8,10,2,5e-05,0,0,0.2,30,1,2616.16,2694.72,78.55,0.84,970,3657.63
21,10,10,2,5e-05,0,0,0.2,30,1,2785.22,2864.61,79.40,0.77,979,3967.63
22,16,10,2,5e-05,0,0,0.2,30,1,2733.93,2813.59,79.65,0.69,981,3100.70
23,24,10,2,5e-05,0,0,0.2,30,1,2717.65,2797.70,80.05,0.71,984,3689.14
24,8,3,4,5e-05,0,0,0.2,30,1,2304.42,2374.50,70.08,0.75,865,3017.22
25,10,3,4,5e-05,0,0,0.2,30,1,2386.40,2457.33,70.93,0.69,873,3159.87
26,16,3,4,5e-05,0,0,0.2,30,1,2307.82,2378.87,71.05,0.65,876,3248.32
27,24,3,4,5e-05,0,0,0.2,30,1,2376.46,2447.83,71.37,0.68,881,2538.00
28,8,6,4,5e-05,0,0,0.2,30,1,2480.92,2553.66,72.74,0.83,896,3655.50
29,10,6,4,5e-05,0,0,0.2,30,1,2507.15,2580.38,73.23,0.72,901,3473.31
30,16,6,4,5e-05,0,0,0.2,30,1,2457.71,2531.64,73.94,0.68,909,3366.46
31,24,6,4,5e-05,0,0,0.2,30,1,2532.67,2606.80,74.13,0.71,913,3425.20
32,8,10,4,5e-05,0,0,0.2,30,1,2473.71,2546.68,72.98,0.81,901,3429.40
33,10,10,4,5e-05,0,0,0.2,30,1,2534.34,2607.96,73.61,0.73,906,3623.04
34,16,10,4,5e-05,0,0,0.2,30,1,2434.98,2509.02,74.04,0.71,913,3433.28
35,24,10,4,5e-05,0,0,0.2,30,1,2541.02,2615.01,73.99,0.69,913,2752.89
36,8,3,1,0.0001,0,0,0.2,30,1,2377.73,2429.91,52.18,0.89,646,4031.08
37,10,3,1,0.0001,0,0,0.2,30,1,2343.31,2395.74,52.43,0.89,654,3423.69
38,16,3,1,0.0001,0,0,0.2,30,1,2289.99,2342.62,52.62,0.85,653,3847.76
39,24,3,1,0.0001,0,0,0.2,30,1,2279.75,2332.35,52.60,0.87,654,3879.98
40,8,6,1,0.0001,0,0,0.2,30,1,2545.55,2601.40,55.86,0.90,697,4722.66
41,10,6,1,0.0001,0,0,0.2,30,1,2538.02,2594.41,56.40,0.89,704,4700.64
42,16,6,1,0.0001,0,0,0.2,30,1,2555.70,2612.00,56.30,0.86,702,4851.33
43,24,6,1,0.0001,0,0,0.2,30,1,2555.24,2611.95,56.72,0.85,704,4700.11
44,8,10,1,0.0001,0,0,0.2,30,1,2577.99,2634.48,56.50,0.94,702,4912.65
45,10,10,1,0.0001,0,0,0.2,30,1,2611.03,2667.43,56.40,0.89,702,4727.58
46,16,10,1,0.0001,0,0,0.2,30,1,2520.32,2577.33,57.01,0.88,706,4518.35
47,24,10,1,0.0001,0,0,0.2,30,1,2699.49,2755.85,56.37,0.87,706,5327.14
48,8,3,2,0.0001,0,0,0.2,30,1,2282.05,2332.37,50.32,0.85,627,4000.03
49,10,3,2,0.0001,0,0,0.2,30,1,2172.01,2222.18,50.17,0.83,625,3426.34
50,16,3,2,0.0001,0,0,0.2,30,1,2202.61,2253.07,50.46,0.82,629,3341.81
51,24,3,2,0.0001,0,0,0.2,30,1,2263.49,2313.88,50.38,0.83,628,3159.25
52,8,6,2,0.0001,0,0,0.2,30,1,2215.67,2267.61,51.94,0.86,645,3905.54
53,10,6,2,0.0001,0,0,0.2,30,1,2295.42,2347.67,52.26,0.86,647,3857.22
54,16,6,2,0.0001,0,0,0.2,30,1,2261.88,2314.50,52.62,0.80,653,3711.86
55,24,6,2,0.0001,0,0,0.2,30,1,2349.34,2401.63,52.30,0.84,649,3948.35
56,8,10,2,0.0001,0,0,0.2,30,1,2330.21,2382.08,51.87,0.88,646,4065.43
57,10,10,2,0.0001,0,0,0.2,30,1,2377.17,2429.29,52.12,0.86,647,4175.59
58,16,10,2,0.0001,0,0,0.2,30,1,2410.57,2462.87,52.30,0.87,648,4212.04
59,24,10,2,0.0001,0,0,0.2,30,1,2413.20,2465.59,52.39,0.86,651,4053.21
60,8,3,4,0.0001,0,0,0.2,30,1,1802.30,1844.79,42.49,0.89,513,3031.46
61,10,3,4,0.0001,0,0,0.2,30,1,1661.16,1703.93,42.77,0.79,516,2316.17
62,16,3,4,0.0001,0,0,0.2,30,1,1729.23,1772.04,42.81,0.79,516,2429.43
63,24,3,4,0.0001,0,0,0.2,30,1,1695.10,1737.83,42.73,0.77,513,2208.32
64,8,6,4,0.0001,0,0,0.2,30,1,1851.67,1894.60,42.93,0.85,518,2988.27
65,10,6,4,0.0001,0,0,0.2,30,1,1805.30,1848.22,42.92,0.82,518,2554.64
66,16,6,4,0.0001,0,0,0.2,30,1,1750.32,1793.56,43.23,0.83,519,2859.11
67,24,6,4,0.0001,0,0,0.2,30,1,1767.94,1810.78,42.84,0.84,521,2964.45
68,8,10,4,0.0001,0,0,0.2,30,1,1738.50,1781.38,42.88,0.86,520,2573.09
69,10,10,4,0.0001,0,0,0.2,30,1,1780.03,1822.85,42.82,0.89,518,3134.58
70,16,10,4,0.0001,0,0,0.2,30,1,1728.52,1771.52,43.00,0.77,520,2302.59
71,24,10,4,0.0001,0,0,0.2,30,1,1817.29,1860.49,43.19,0.80,521,2924.59
72,8,3,1,5e-05,0.5,0,0.2,30,1,2447.54,2507.67,60.13,0.85,742,3661.90
73,10,3,1,5e-05,0.5,0,0.2,30,1,2408.58,2469.04,60.46,0.75,752,2764.49
74,16,3,1,5e-05,0.5,0,0.2,30,1,2505.86,2567.09,61.23,0.68,756,2677.43
75,24,3,1,5e-05,0.5,0,0.2,30,1,2532.62,2593.84,61.22,0.73,756,3499.80
76,8,6,1,5e-05,0.5,0,0.2,30,1,2724.49,2792.28,67.79,0.99,838,4879.74
77,10,6,1,5e-05,0.5,0,0.2,30,1,2604.09,2673.03,68.94,0.84,852,3939.02
78,16,6,1,5e-05,0.5,0,0.2,30,1,2831.62,2900.80,69.18,0.80,853,4082.97
79,24,6,1,5e-05,0.5,0,0.2,30,1,2743.69,2812.89,69.20,0.78,855,3775.94
80,8,10,1,5e-05,0.5,0,0.2,30,1,2676.71,2745.12,68.41,0.99,846,4998.99
81,10,10,1,5e-05,0.5,0,0.2,30,1,2744.90,2813.90,69.00,0.86,855,4067.56
82,16,10,1,5e-05,0.5,0,0.2,30,1,2798.23,2868.11,69.88,0.78,865,3846.36
83,24,10,1,5e-05,0.5,0,0.2,30,1,2765.59,2835.45,69.86,0.79,862,3943.98
84,8,3,2,5e-05,0.5,0,0.2,30,1,2438.53,2498.19,59.67,0.89,740,3651.55
85,10,3,2,5e-05,0.5,0,0.2,30,1,2516.54,2576.87,60.34,0.80,749,3408.13
86,16,3,2,5e-05,0.5,0,0.2,30,1,2582.40,2643.19,60.79,0.72,754,3369.23
87,24,3,2,5e-05,0.5,0,0.2,30,1,2510.93,2571.52,60.60,0.71,754,3165.28
88,8,6,2,5e-05,0.5,0,0.2,30,1,2561.00,2624.59,63.59,0.95,787,3894.43
89,10,6,2,5e-05,0.5,0,0.2,30,1,2578.59,2643.37,64.78,0.81,801,3623.38
90,16,6,2,5e-05,0.5,0,0.2,30,1,2616.74,2681.52,64.78,0.75,803,3479.33
91,24,6,2,5e-05,0.5,0,0.2,30,1,2676.28,2741.26,64.98,0.73,803,3580.90
92,8,10,2,5e-05,0.5,0,0.2,30,1,2558.43,2622.05,63.62,0.90,787,3856.06
93,10,10,2,5e-05,0.5,0,0.2,30,1,2619.23,2684.00,64.77,0.83,802,3788.47
94,16,10,2,5e-05,0.5,0,0.2,30,1,2787.68,2853.00,65.32,0.79,807,3689.68
95,24,10,2,5e-05,0.5,0,0.2,30,1,2767.13,2832.35,65.22,0.75,809,3504.70
96,8,3,4,5e-05,0.5,0,0.2,30,1,2350.21,2407.49,57.28,0.82,709,3352.82
97,10,3,4,5e-05,0.5,0,0.2,30,1,2435.88,2493.89,58.02,0.76,720,3280.40
98,16,3,4,5e-05,0.5,0,0.2,30,1,2474.35,2532.75,58.40,0.72,727,2559.31
99,24,3,4,5e-05,0.5,0,0.2,30,1,2547.35,2605.71,58.36,0.70,725,3240.96
100,8,6,4,5e-05,0.5,0,0.2,30,1,2315.19,2374.34,59.15,0.80,730,2720.20
101,10,6,4,5e-05,0.5,0,0.2,30,1,2439.18,2499.34,60.16,0.75,743,3412.96
102,16,6,4,5e-05,0.5,0,0.2,30,1,2578.58,2639.04,60.47,0.69,745,3247.63
103,24,6,4,5e-05,0.5,0,0.2,30,1,2574.73,2635.09,60.37,0.67,745,3220.35
104,8,10,4,5e-05,0.5,0,0.2,30,1,2436.84,2495.66,58.82,0.85,731,4082.77
105,10,10,4,5e-05,0.5,0,0.2,30,1,2469.15,2528.48,59.34,0.79,739,3403.15
106,16,10,4,5e-05,0.5,0,0.2,30,1,2551.46,2611.93,60.47,0.69,746,3305.09
107,24,10,4,5e-05,0.5,0,0.2,30,1,2588.08,2648.47,60.39,0.69,744,3395.64
108,8,3,1,0.0001,0.5,0,0.2,30,1,2240.05,2284.41,44.37,1.05,558,4252.10
109,10,3,1,0.0001,0.5,0,0.2,30,1,2267.78,2311.91,44.12,0.94,553,4195.14
110,16,3,1,0.0001,0.5,0,0.2,30,1,2252.80,2296.88,44.08,0.92,555,3989.35
111,24,3,1,0.0001,0.5,0,0.2,30,1,2236.29,2280.67,44.38,0.91,554,3433.08
112,8,6,1,0.0001,0.5,0,0.2,30,1,2410.16,2457.15,46.99,1.02,585,4753.50
113,10,6,1,0.0001,0.5,0,0.2,30,1,2447.14,2494.44,47.30,1.01,588,4939.55
114,16,6,1,0.0001,0.5,0,0.2,30,1,2578.81,2626.29,47.48,1.03,591,5065.76
115,24,6,1,0.0001,0.5,0,0.2,30,1,2445.25,2492.50,47.24,0.98,590,4625.55
116,8,10,1,0.0001,0.5,0,0.2,30,1,2350.71,2397.88,47.17,1.06,591,4607.83
117,10,10,1,0.0001,0.5,0,0.2,30,1,2552.86,2600.16,47.30,1.05,588,5227.75
118,16,10,1,0.0001,0.5,0,0.2,30,1,2486.81,2534.47,47.66,0.98,593,4014.75
119,24,10,1,0.0001,0.5,0,0.2,30,1,2559.84,2607.61,47.77,1.00,593,4927.65
120,8,3,2,0.0001,0.5,0,0.2,30,1,2086.39,2128.52,42.13,0.90,529,3437.59
121,10,3,2,0.0001,0.5,0,0.2,30,1,2202.37,2244.78,42.41,0.93,531,3940.50
122,16,3,2,0.0001,0.5,0,0.2,30,1,2238.51,2280.95,42.44,0.92,532,3875.96
123,24,3,2,0.0001,0.5,0,0.2,30,1,2157.03,2199.26,42.23,0.89,532,3176.23
124,8,6,2,0.0001,0.5,0,0.2,30,1,2220.59,2264.08,43.49,1.00,548,4184.91
125,10,6,2,0.0001,0.5,0,0.2,30,1,2215.74,2259.39,43.65,0.92,546,3877.43
126,16,6,2,0.0001,0.5,0,0.2,30,1,2364.41,2408.38,43.96,0.91,549,4216.86
127,24,6,2,0.0001,0.5,0,0.2,30,1,2400.45,2444.23,43.78,0.93,544,4294.88
128,8,10,2,0.0001,0.5,0,0.2,30,1,2198.07,2241.51,43.44,0.99,544,3915.47
129,10,10,2,0.0001,0.5,0,0.2,30,1,2177.22,2221.06,43.83,0.92,547,3852.43
130,16,10,2,0.0001,0.5,0,0.2,30,1,2277.21,2321.30,44.10,0.94,550,4270.91
131,24,10,2,0.0001,0.5,0,0.2,30,1,2294.89,2338.92,44.03,0.95,548,3658.65
132,8,3,4,0.0001,0.5,0,0.2,30,1,1784.43,1819.54,35.12,0.94,426,3028.94
133,10,3,4,0.0001,0.5,0,0.2,30,1,1728.88,1764.48,35.59,0.82,430,3024.45
134,16,3,4,0.0001,0.5,0,0.2,30,1,1857.67,1893.16,35.49,0.84,431,3164.73
135,24,3,4,0.0001,0.5,0,0.2,30,1,1845.77,1881.13,35.36,0.81,427,3042.97
136,8,6,4,0.0001,0.5,0,0.2,30,1,1698.69,1734.37,35.67,0.86,432,2944.52
137,10,6,4,0.0001,0.5,0,0.2,30,1,1742.82,1778.53,35.71,0.87,433,2823.41
138,16,6,4,0.0001,0.5,0,0.2,30,1,1790.14,1826.03,35.88,0.79,430,2897.95
139,24,6,4,0.0001,0.5,0,0.2,30,1,1866.78,1902.90,36.12,0.92,434,3357.55
140,8,10,4,0.0001,0.5,0,0.2,30,1,1674.78,1710.07,35.28,0.84,427,2713.87
141,10,10,4,0.0001,0.5,0,0.2,30,1,1780.82,1816.48,35.66,0.88,430,2902.16
142,16,10,4,0.0001,0.5,0,0.2,30,1,1791.74,1827.38,35.64,0.86,434,3195.85
143,24,10,4,0.0001,0.5,0,0.2,30,1,1870.89,1906.72,35.84,0.81,435,3198.87
144,8,3,1,5e-05,0,0.5,0.2,30,1,2433.90,2500.62,66.73,0.84,829,3902.26
145,10,3,1,5e-05,0,0.5,0.2,30,1,2501.80,2568.68,66.88,0.77,831,3236.67
146,16,3,1,5e-05,0,0.5,0.2,30,1,2451.65,2518.49,66.84,0.74,834,3089.59
147,24,3,1,5e-05,0,0.5,0.2,30,1,2469.16,2536.39,67.23,0.76,835,3281.87
148,8,6,1,5e-05,0,0.5,0.2,30,1,2644.58,2720.47,75.88,0.86,948,4370.33
149,10,6,1,5e-05,0,0.5,0.2,30,1,2526.80,2602.70,75.91,0.78,947,3314.90
150,16,6,1,5e-05,0,0.5,0.2,30,1,2537.24,2613.73,76.49,0.81,957,3989.21
151,24,6,1,5e-05,0,0.5,0.2,30,1,2546.38,2622.39,76.02,0.82,954,4158.01
152,8,10,1,5e-05,0,0.5,0.2,30,1,2545.62,2622.17,76.55,0.91,954,4290.75
153,10,10,1,5e-05,0,0.5,0.2,30,1,2637.61,2714.30,76.70,0.84,960,4445.06
154,16,10,1,5e-05,0,0.5,0.2,30,1,2608.72,2685.50,76.78,0.83,958,4296.39
155,24,10,1,5e-05,0,0.5,0.2,30,1,2615.20,2692.47,77.27,0.83,965,4355.95
156,8,3,2,5e-05,0,0.5,0.2,30,1,2472.75,2538.31,65.56,0.82,815,3386.51
157,10,3,2,5e-05,0,0.5,0.2,30,1,2363.72,2429.40,65.68,0.78,819,3197.91
158,16,3,2,5e-05,0,0.5,0.2,30,1,2362.64,2428.71,66.07,0.73,823,2664.01
159,24,3,2,5e-05,0,0.5,0.2,30,1,2394.49,2460.69,66.20,0.76,822,2576.22
160,8,6,2,5e-05,0,0.5,0.2,30,1,2537.53,2607.79,70.26,0.88,879,3759.14
161,10,6,2,5e-05,0,0.5,0.2,30,1,2608.44,2679.28,70.83,0.83,885,3846.01
162,16,6,2,5e-05,0,0.5,0.2,30,1,2549.66,2620.90,71.24,0.80,889,4123.31
163,24,6,2,5e-05,0,0.5,0.2,30,1,2672.49,2743.77,71.28,0.80,890,4593.21
164,8,10,2,5e-05,0,0.5,0.2,30,1,2590.89,2661.72,70.83,0.89,880,4652.66
165,10,10,2,5e-05,0,0.5,0.2,30,1,2599.21,2670.54,71.33,0.81,888,4303.04
166,16,10,2,5e-05,0,0.5,0.2,30,1,2628.90,2700.49,71.60,0.81,895,3881.18
167,24,10,2,5e-05,0,0.5,0.2,30,1,2605.39,2676.89,71.50,0.82,894,4577.13
168,8,3,4,5e-05,0,0.5,0.2,30,1,2305.17,2368.79,63.62,0.78,790,2980.68
169,10,3,4,5e-05,0,0.5,0.2,30,1,2312.92,2376.30,63.38,0.76,792,3213.52
170,16,3,4,5e-05,0,0.5,0.2,30,1,2211.81,2275.31,63.49,0.71,798,2740.92
171,24,3,4,5e-05,0,0.5,0.2,30,1,2281.73,2345.39,63.66,0.72,797,2797.95
172,8,6,4,5e-05,0,0.5,0.2,30,1,2371.60,2437.37,65.77,0.83,821,3378.63
173,10,6,4,5e-05,0,0.5,0.2,30,1,2375.13,2441.27,66.14,0.79,821,3040.34
174,16,6,4,5e-05,0,0.5,0.2,30,1,2418.03,2484.07,66.04,0.77,822,3837.42
175,24,6,4,5e-05,0,0.5,0.2,30,1,2325.31,2391.67,66.36,0.75,824,3052.46
176,8,10,4,5e-05,0,0.5,0.2,30,1,2407.99,2474.01,66.01,0.85,823,3404.69
177,10,10,4,5e-05,0,0.5,0.2,30,1,2420.69,2486.86,66.16,0.77,820,3026.17
178,16,10,4,5e-05,0,0.5,0.2,30,1,2390.57,2456.86,66.28,0.74,823,3091.71
179,24,10,4,5e-05,0,0.5,0.2,30,1,2348.81,2415.14,66.33,0.74,827,3117.25
180,8,3,1,0.0001,0,0.5,0.2,30,1,2134.13,2180.08,45.95,0.94,582,4525.06
181,10,3,1,0.0001,0,0.5,0.2,30,1,2175.90,2222.10,46.21,0.99,582,4144.56
182,16,3,1,0.0001,0,0.5,0.2,30,1,2084.46,2130.72,46.26,0.97,586,3916.92
183,24,3,1,0.0001,0,0.5,0.2,30,1,2186.75,2233.06,46.30,0.97,587,4144.49
184,8,6,1,0.0001,0,0.5,0.2,30,1,2292.94,2342.19,49.26,0.96,621,4574.41
185,10,6,1,0.0001,0,0.5,0.2,30,1,2307.53,2357.15,49.62,0.95,624,4587.39
186,16,6,1,0.0001,0,0.5,0.2,30,1,2270.65,2320.15,49.50,0.94,629,4568.95
187,24,6,1,0.0001,0,0.5,0.2,30,1,2240.96,2290.59,49.62,0.93,628,4248.59
188,8,10,1,0.0001,0,0.5,0.2,30,1,2289.78,2339.06,49.28,0.95,623,4308.13
189,10,10,1,0.0001,0,0.5,0.2,30,1,2347.00,2397.13,50.13,0.98,630,4550.30
190,16,10,1,0.0001,0,0.5,0.2,30,1,2307.87,2357.76,49.89,0.93,630,4653.60
191,24,10,1,0.0001,0,0.5,0.2,30,1,2318.22,2368.01,49.79,0.94,627,4422.58
192,8,3,2,0.0001,0,0.5,0.2,30,1,2042.89,2087.43,44.54,0.87,563,3183.84
193,10,3,2,0.0001,0,0.5,0.2,30,1,2111.62,2156.23,44.61,0.95,563,3957.31
194,16,3,2,0.0001,0,0.5,0.2,30,1,2075.23,2119.69,44.46,0.95,563,3840.70
195,24,3,2,0.0001,0,0.5,0.2,30,1,2047.17,2091.68,44.51,0.95,561,3816.11
196,8,6,2,0.0001,0,0.5,0.2,30,1,2150.43,2196.46,46.03,0.96,581,4187.67
197,10,6,2,0.0001,0,0.5,0.2,30,1,2217.20,2263.60,46.41,0.95,582,4145.93
198,16,6,2,0.0001,0,0.5,0.2,30,1,2212.28,2258.60,46.32,0.98,581,4287.69
199,24,6,2,0.0001,0,0.5,0.2,30,1,2130.53,2176.69,46.16,0.97,582,4186.38
200,8,10,2,0.0001,0,0.5,0.2,30,1,2137.22,2183.37,46.15,0.96,581,4029.92
201,10,10,2,0.0001,0,0.5,0.2,30,1,2183.06,2229.26,46.19,0.96,581,4171.05
202,16,10,2,0.0001,0,0.5,0.2,30,1,2117.55,2164.05,46.51,0.97,586,4307.62
203,24,10,2,0.0001,0,0.5,0.2,30,1,2096.25,2142.20,45.94,0.90,582,3776.43
204,8,3,4,0.0001,0,0.5,0.2,30,1,1519.67,1557.31,37.64,0.88,458,2707.82
205,10,3,4,0.0001,0,0.5,0.2,30,1,1582.69,1620.37,37.68,0.82,459,2642.53
206,16,3,4,0.0001,0,0.5,0.2,30,1,1519.03,1556.85,37.82,0.82,460,2204.82
207,24,3,4,0.0001,0,0.5,0.2,30,1,1578.88,1616.75,37.87,0.81,462,2717.86
208,8,6,4,0.0001,0,0.5,0.2,30,1,1667.78,1705.87,38.09,0.82,467,2794.62
209,10,6,4,0.0001,0,0.5,0.2,30,1,1608.00,1646.13,38.13,0.84,467,2972.38
210,16,6,4,0.0001,0,0.5,0.2,30,1,1691.24,1729.24,37.99,0.84,465,3035.89
211,24,6,4,0.0001,0,0.5,0.2,30,1,1721.00,1758.84,37.84,0.83,462,2835.09
212,8,10,4,0.0001,0,0.5,0.2,30,1,1687.05,1724.96,37.91,0.87,467,3301.11
213,10,10,4,0.0001,0,0.5,0.2,30,1,1586.98,1624.61,37.64,0.86,459,2849.87
214,16,10,4,0.0001,0,0.5,0.2,30,1,1617.54,1655.46,37.93,0.81,461,2718.15
215,24,10,4,0.0001,0,0.5,0.2,30,1,1577.09,1614.95,37.87,0.82,466,2900.06
216,8,3,1,5e-05,0.5,0.5,0.2,30,1,2388.76,2443.30,54.53,0.95,682,4231.93
217,10,3,1,5e-05,0.5,0.5,0.2,30,1,2498.55,2553.07,54.52,0.86,678,4041.95
218,16,3,1,5e-05,0.5,0.5,0.2,30,1,2391.66,2446.29,54.63,0.80,681,3610.95
219,24,3,1,5e-05,0.5,0.5,0.2,30,1,2432.37,2486.96,54.59,0.81,683,3853.61
220,8,6,1,5e-05,0.5,0.5,0.2,30,1,2574.13,2634.83,60.71,0.95,757,4493.96
221,10,6,1,5e-05,0.5,0.5,0.2,30,1,2574.46,2635.43,60.97,0.92,762,4520.02
222,16,6,1,5e-05,0.5,0.5,0.2,30,1,2520.29,2581.87,61.58,0.87,770,4459.35
223,24,6,1,5e-05,0.5,0.5,0.2,30,1,2614.92,2676.15,61.24,0.87,765,4514.01
224,8,10,1,5e-05,0.5,0.5,0.2,30,1,2628.34,2689.22,60.88,1.00,763,4627.21
225,10,10,1,5e-05,0.5,0.5,0.2,30,1,2622.86,2684.52,61.66,0.91,768,4520.15
226,16,10,1,5e-05,0.5,0.5,0.2,30,1,2677.64,2739.56,61.92,0.87,772,4581.78
227,24,10,1,5e-05,0.5,0.5,0.2,30,1,2693.33,2755.03,61.70,0.86,773,4465.06
228,8,3,2,5e-05,0.5,0.5,0.2,30,1,2293.48,2347.40,53.92,0.87,671,3092.97
229,10,3,2,5e-05,0.5,0.5,0.2,30,1,2354.56,2408.57,54.01,0.82,677,3507.43
230,16,3,2,5e-05,0.5,0.5,0.2,30,1,2380.69,2434.76,54.07,0.76,673,2970.12
231,24,3,2,5e-05,0.5,0.5,0.2,30,1,2334.91,2389.02,54.10,0.75,676,2883.51
232,8,6,2,5e-05,0.5,0.5,0.2,30,1,2522.51,2579.62,57.11,0.95,715,4208.40
233,10,6,2,5e-05,0.5,0.5,0.2,30,1,2599.02,2656.75,57.73,0.92,722,4248.61
234,16,6,2,5e-05,0.5,0.5,0.2,30,1,2561.48,2619.41,57.93,0.87,719,4245.10
235,24,6,2,5e-05,0.5,0.5,0.2,30,1,2570.03,2627.69,57.66,0.91,716,4379.41
236,8,10,2,5e-05,0.5,0.5,0.2,30,1,2517.29,2574.54,57.25,0.97,713,4365.40
237,10,10,2,5e-05,0.5,0.5,0.2,30,1,2541.73,2599.27,57.55,0.85,720,4022.18
238,16,10,2,5e-05,0.5,0.5,0.2,30,1,2583.64,2641.26,57.63,0.89,721,4456.09
239,24,10,2,5e-05,0.5,0.5,0.2,30,1,2517.06,2574.68,57.62,0.86,718,4221.55
240,8,3,4,5e-05,0.5,0.5,0.2,30,1,2203.14,2254.78,51.64,0.85,647,3503.23
241,10,3,4,5e-05,0.5,0.5,0.2,30,1,2213.06,2264.84,51.79,0.78,650,3355.31
242,16,3,4,5e-05,0.5,0.5,0.2,30,1,2310.73,2362.86,52.13,0.80,652,3183.74
243,24,3,4,5e-05,0.5,0.5,0.2,30,1,2281.27,2333.02,51.75,0.74,652,3201.30
244,8,6,4,5e-05,0.5,0.5,0.2,30,1,2274.41,2327.46,53.06,0.88,664,3568.16
245,10,6,4,5e-05,0.5,0.5,0.2,30,1,2364.78,2418.04,53.27,0.82,668,3672.65
246,16,6,4,5e-05,0.5,0.5,0.2,30,1,2345.96,2399.60,53.64,0.83,672,4017.44
247,24,6,4,5e-05,0.5,0.5,0.2,30,1,2354.30,2407.56,53.27,0.76,668,3399.32
248,8,10,4,5e-05,0.5,0.5,0.2,30,1,2338.32,2391.24,52.91,0.93,664,3911.08
249,10,10,4,5e-05,0.5,0.5,0.2,30,1,2357.26,2411.07,53.81,0.80,670,2991.97
250,16,10,4,5e-05,0.5,0.5,0.2,30,1,2317.57,2370.96,53.39,0.77,668,3540.73
251,24,10,4,5e-05,0.5,0.5,0.2,30,1,2387.52,2441.26,53.73,0.81,670,3678.90
252,8,3,1,0.0001,0.5,0.5,0.2,30,1,2147.51,2186.15,38.64,1.10,489,4366.79
253,10,3,1,0.0001,0.5,0.5,0.2,30,1,2110.85,2149.76,38.91,0.99,491,4149.57
254,16,3,1,0.0001,0.5,0.5,0.2,30,1,2117.88,2156.31,38.43,1.04,488,4127.97
255,24,3,1,0.0001,0.5,0.5,0.2,30,1,2133.50,2172.44,38.94,1.01,490,4258.75
256,8,6,1,0.0001,0.5,0.5,0.2,30,1,2218.34,2259.39,41.05,1.02,519,4550.35
257,10,6,1,0.0001,0.5,0.5,0.2,30,1,2279.43,2320.74,41.31,1.01,522,4594.12
258,16,6,1,0.0001,0.5,0.5,0.2,30,1,2254.23,2295.53,41.30,1.04,521,4780.47
259,24,6,1,0.0001,0.5,0.5,0.2,30,1,2299.95,2341.14,41.19,1.01,520,4584.97
260,8,10,1,0.0001,0.5,0.5,0.2,30,1,2193.63,2234.81,41.17,1.03,519,4557.59
261,10,10,1,0.0001,0.5,0.5,0.2,30,1,2240.95,2282.02,41.07,1.01,515,4586.86
262,16,10,1,0.0001,0.5,0.5,0.2,30,1,2256.99,2298.30,41.31,1.05,522,4701.71
263,24,10,1,0.0001,0.5,0.5,0.2,30,1,2201.53,2242.90,41.37,1.03,523,4563.96
264,8,3,2,0.0001,0.5,0.5,0.2,30,1,2086.27,2123.48,37.22,1.00,471,3816.57
265,10,3,2,0.0001,0.5,0.5,0.2,30,1,1984.10,2021.25,37.15,0.99,472,3698.83
266,16,3,2,0.0001,0.5,0.5,0.2,30,1,2014.21,2051.42,37.22,0.94,471,3837.68
267,24,3,2,0.0001,0.5,0.5,0.2,30,1,2115.38,2152.38,37.00,0.98,470,4068.66
268,8,6,2,0.0001,0.5,0.5,0.2,30,1,2059.49,2098.11,38.62,1.02,484,4315.13
269,10,6,2,0.0001,0.5,0.5,0.2,30,1,2171.29,2209.55,38.27,0.97,485,4278.84
270,16,6,2,0.0001,0.5,0.5,0.2,30,1,2192.69,2230.95,38.26,0.99,483,4332.02
271,24,6,2,0.0001,0.5,0.5,0.2,30,1,2096.62,2135.01,38.38,0.97,485,4106.49
272,8,10,2,0.0001,0.5,0.5,0.2,30,1,2057.15,2095.61,38.46,0.98,484,4170.56
273,10,10,2,0.0001,0.5,0.5,0.2,30,1,2223.59,2261.99,38.40,0.98,486,4495.15
274,16,10,2,0.0001,0.5,0.5,0.2,30,1,2215.55,2254.16,38.60,0.99,487,4424.71
275,24,10,2,0.0001,0.5,0.5,0.2,30,1,2233.63,2271.99,38.36,0.98,482,4594.79
276,8,3,4,0.0001,0.5,0.5,0.2,30,1,1645.34,1676.57,31.23,0.86,381,2842.60
277,10,3,4,0.0001,0.5,0.5,0.2,30,1,1636.73,1668.06,31.32,0.91,385,3044.32
278,16,3,4,0.0001,0.5,0.5,0.2,30,1,1603.25,1634.65,31.40,0.95,382,2977.87
279,24,3,4,0.0001,0.5,0.5,0.2,30,1,1513.49,1544.73,31.25,0.89,380,2633.57
280,8,6,4,0.0001,0.5,0.5,0.2,30,1,1609.22,1641.00,31.78,0.90,389,2990.07
281,10,6,4,0.0001,0.5,0.5,0.2,30,1,1744.74,1776.66,31.92,0.89,387,3193.82
282,16,6,4,0.0001,0.5,0.5,0.2,30,1,1613.78,1645.62,31.84,0.85,388,2978.25
283,24,6,4,0.0001,0.5,0.5,0.2,30,1,1722.87,1754.60,31.74,0.91,388,3313.63
284,8,10,4,0.0001,0.5,0.5,0.2,30,1,1644.98,1676.71,31.73,0.91,388,2978.63
285,10,10,4,0.0001,0.5,0.5,0.2,30,1,1615.05,1647.04,31.99,0.85,390,2925.84
286,16,10,4,0.0001,0.5,0.5,0.2,30,1,1681.54,1713.73,32.19,0.93,391,3313.33
287,24,10,4,0.0001,0.5,0.5,0.2,30,1,1601.26,1633.13,31.87,0.88,388,2834.85
288,8,3,1,5e-05,0,1,0.2,30,1,2324.84,2387.69,62.85,0.88,786,3916.34
289,10,3,1,5e-05,0,1,0.2,30,1,2283.97,2346.72,62.75,0.84,788,3819.23
290,16,3,1,5e-05,0,1,0.2,30,1,2350.63,2413.59,62.97,0.81,788,4038.30
291,24,3,1,5e-05,0,1,0.2,30,1,2340.83,2403.64,62.81,0.83,790,3712.38
292,8,6,1,5e-05,0,1,0.2,30,1,2372.71,2444.47,71.76,0.90,897,4050.45
293,10,6,1,5e-05,0,1,0.2,30,1,2375.93,2447.43,71.51,0.84,896,4009.93
294,16,6,1,5e-05,0,1,0.2,30,1,2313.55,2385.17,71.62,0.85,896,4052.45
295,24,6,1,5e-05,0,1,0.2,30,1,2394.40,2466.03,71.63,0.86,899,4101.05
296,8,10,1,5e-05,0,1,0.2,30,1,2464.74,2536.28,71.54,0.95,898,4498.75
297,10,10,1,5e-05,0,1,0.2,30,1,2339.18,2411.23,72.05,0.82,900,3641.37
298,16,10,1,5e-05,0,1,0.2,30,1,2438.13,2510.22,72.10,0.85,907,4278.47
299,24,10,1,5e-05,0,1,0.2,30,1,2379.41,2451.57,72.16,0.90,905,4472.01
300,8,3,2,5e-05,0,1,0.2,30,1,2290.72,2352.69,61.97,0.85,778,3763.96
301,10,3,2,5e-05,0,1,0.2,30,1,2274.67,2336.33,61.66,0.85,774,3846.03
302,16,3,2,5e-05,0,1,0.2,30,1,2303.25,2365.71,62.46,0.82,779,3681.27
303,24,3,2,5e-05,0,1,0.2,30,1,2335.01,2396.98,61.97,0.83,777,3264.22
304,8,6,2,5e-05,0,1,0.2,30,1,2376.67,2442.85,66.18,0.88,831,3630.77
305,10,6,2,5e-05,0,1,0.2,30,1,2457.29,2524.05,66.76,0.89,837,4350.69
306,16,6,2,5e-05,0,1,0.2,30,1,2421.25,2488.41,67.16,0.86,841,4490.26
307,24,6,2,5e-05,0,1,0.2,30,1,2460.97,2527.80,66.82,0.86,839,4553.37
308,8,10,2,5e-05,0,1,0.2,30,1,2428.42,2495.30,66.89,0.91,836,4381.78
309,10,10,2,5e-05,0,1,0.2,30,1,2500.37,2567.02,66.66,0.89,837,4521.34
310,16,10,2,5e-05,0,1,0.2,30,1,2485.12,2552.01,66.90,0.86,839,4550.68
311,24,10,2,5e-05,0,1,0.2,30,1,2497.98,2564.80,66.81,0.85,837,4503.52
312,8,3,4,5e-05,0,1,0.2,30,1,2080.78,2140.71,59.93,0.78,750,2645.15
313,10,3,4,5e-05,0,1,0.2,30,1,2117.09,2177.25,60.16,0.75,756,2692.18
314,16,3,4,5e-05,0,1,0.2,30,1,2219.03,2278.95,59.92,0.81,754,3501.11
315,24,3,4,5e-05,0,1,0.2,30,1,2159.39,2219.80,60.41,0.77,754,3503.91
316,8,6,4,5e-05,0,1,0.2,30,1,2129.07,2191.31,62.24,0.84,781,3685.11
317,10,6,4,5e-05,0,1,0.2,30,1,2183.53,2245.97,62.44,0.79,782,3387.06
318,16,6,4,5e-05,0,1,0.2,30,1,2225.16,2287.08,61.92,0.80,781,3494.16
319,24,6,4,5e-05,0,1,0.2,30,1,2244.58,2306.75,62.17,0.81,783,3490.11
320,8,10,4,5e-05,0,1,0.2,30,1,2207.93,2269.71,61.78,0.89,776,3708.51
321,10,10,4,5e-05,0,1,0.2,30,1,2271.52,2333.77,62.25,0.86,780,3987.67
322,16,10,4,5e-05,0,1,0.2,30,1,2217.89,2280.30,62.41,0.84,787,3603.19
323,24,10,4,5e-05,0,1,0.2,30,1,2229.87,2292.34,62.47,0.80,787,3177.37
324,8,3,1,0.0001,0,1,0.2,30,1,1998.17,2041.30,43.14,0.99,545,4025.95
325,10,3,1,0.0001,0,1,0.2,30,1,1977.14,2020.18,43.03,0.97,543,3758.55
326,16,3,1,0.0001,0,1,0.2,30,1,1942.29,1985.09,42.81,0.98,546,3866.84
327,24,3,1,0.0001,0,1,0.2,30,1,2066.38,2109.43,43.05,0.96,545,3912.86
328,8,6,1,0.0001,0,1,0.2,30,1,2167.17,2213.12,45.95,1.02,581,4280.59
329,10,6,1,0.0001,0,1,0.2,30,1,2051.74,2097.46,45.72,0.96,578,4217.49
330,16,6,1,0.0001,0,1,0.2,30,1,2128.01,2174.20,46.19,0.92,585,4073.16
331,24,6,1,0.0001,0,1,0.2,30,1,2206.84,2252.95,46.11,1.00,586,4565.94
332,8,10,1,0.0001,0,1,0.2,30,1,2100.28,2146.33,46.05,0.97,584,4175.71
333,10,10,1,0.0001,0,1,0.2,30,1,2181.17,2227.09,45.92,0.98,579,4408.48
334,16,10,1,0.0001,0,1,0.2,30,1,2183.17,2229.16,45.99,0.98,582,4664.35
335,24,10,1,0.0001,0,1,0.2,30,1,2134.58,2180.64,46.06,0.95,584,4335.33
336,8,3,2,0.0001,0,1,0.2,30,1,1843.53,1884.96,41.43,0.97,525,3529.41
337,10,3,2,0.0001,0,1,0.2,30,1,1892.39,1933.54,41.15,0.93,524,3492.57
338,16,3,2,0.0001,0,1,0.2,30,1,2002.45,2043.84,41.39,0.96,524,3907.58
339,24,3,2,0.0001,0,1,0.2,30,1,1921.70,1963.10,41.41,0.94,527,3843.11
340,8,6,2,0.0001,0,1,0.2,30,1,2023.58,2066.35,42.76,1.01,539,3958.82
341,10,6,2,0.0001,0,1,0.2,30,1,2013.44,2056.07,42.63,0.95,539,4012.11
342,16,6,2,0.0001,0,1,0.2,30,1,2073.18,2115.88,42.70,1.04,542,4157.78
343,24,6,2,0.0001,0,1,0.2,30,1,2007.36,2050.29,42.94,0.94,546,4044.92
344,8,10,2,0.0001,0,1,0.2,30,1,1957.08,1999.72,42.64,0.93,542,4329.28
345,10,10,2,0.0001,0,1,0.2,30,1,2064.09,2106.86,42.77,1.01,542,4168.13
346,16,10,2,0.0001,0,1,0.2,30,1,2007.54,2049.94,42.40,0.97,541,3925.24
347,24,10,2,0.0001,0,1,0.2,30,1,1993.59,2036.20,42.61,0.93,537,3652.94
348,8,3,4,0.0001,0,1,0.2,30,1,1504.67,1540.15,35.47,0.84,434,2538.11
349,10,3,4,0.0001,0,1,0.2,30,1,1431.25,1466.24,34.99,0.82,425,2307.86
350,16,3,4,0.0001,0,1,0.2,30,1,1407.31,1442.39,35.08,0.81,431,2260.78
351,24,3,4,0.0001,0,1,0.2,30,1,1519.46,1554.97,35.51,0.84,433,2503.14
352,8,6,4,0.0001,0,1,0.2,30,1,1477.71,1513.25,35.55,0.79,434,2492.14
353,10,6,4,0.0001,0,1,0.2,30,1,1548.34,1583.63,35.28,0.91,434,2917.59
354,16,6,4,0.0001,0,1,0.2,30,1,1439.89,1475.79,35.90,0.80,437,2420.22
355,24,6,4,0.0001,0,1,0.2,30,1,1546.77,1582.18,35.41,0.85,439,2809.05
356,8,10,4,0.0001,0,1,0.2,30,1,1480.99,1516.71,35.72,0.83,438,2598.27
357,10,10,4,0.0001,0,1,0.2,30,1,1524.53,1560.18,35.65,0.85,433,2701.69
358,16,10,4,0.0001,0,1,0.2,30,1,1531.51,1567.15,35.64,0.82,435,2781.50
359,24,10,4,0.0001,0,1,0.2,30,1,1486.22,1521.76,35.53,0.81,437,2625.85
360,8,3,1,5e-05,0.5,1,0.2,30,1,2313.44,2363.95,50.51,0.95,636,4090.14
361,10,3,1,5e-05,0.5,1,0.2,30,1,2350.77,2401.38,50.61,0.89,637,3841.34
362,16,3,1,5e-05,0.5,1,0.2,30,1,2336.24,2387.15,50.91,0.91,638,3985.36
363,24,3,1,5e-05,0.5,1,0.2,30,1,2246.70,2297.69,50.99,0.91,638,3788.43
364,8,6,1,5e-05,0.5,1,0.2,30,1,2481.77,2538.85,57.08,1.02,718,4558.61
365,10,6,1,5e-05,0.5,1,0.2,30,1,2559.12,2616.51,57.39,0.98,719,4701.95
366,16,6,1,5e-05,0.5,1,0.2,30,1,2506.68,2564.03,57.35,0.94,720,4585.91
367,24,6,1,5e-05,0.5,1,0.2,30,1,2487.86,2545.45,57.60,0.93,721,4442.60
368,8,10,1,5e-05,0.5,1,0.2,30,1,2429.78,2486.97,57.19,1.04,717,4691.49
369,10,10,1,5e-05,0.5,1,0.2,30,1,2502.87,2560.48,57.61,0.93,719,4241.03
370,16,10,1,5e-05,0.5,1,0.2,30,1,2418.41,2476.19,57.77,0.95,722,4270.83
371,24,10,1,5e-05,0.5,1,0.2,30,1,2481.49,2539.03,57.55,0.91,720,4356.18
372,8,3,2,5e-05,0.5,1,0.2,30,1,2279.94,2330.30,50.37,0.91,633,3630.98
373,10,3,2,5e-05,0.5,1,0.2,30,1,2277.14,2327.45,50.32,0.87,634,3806.12
374,16,3,2,5e-05,0.5,1,0.2,30,1,2388.58,2439.36,50.78,0.89,634,4104.39
375,24,3,2,5e-05,0.5,1,0.2,30,1,2300.09,2350.30,50.21,0.89,632,3871.48
376,8,6,2,5e-05,0.5,1,0.2,30,1,2514.07,2567.12,53.05,1.00,665,4433.86
377,10,6,2,5e-05,0.5,1,0.2,30,1,2531.37,2585.18,53.81,0.94,673,4403.08
378,16,6,2,5e-05,0.5,1,0.2,30,1,2469.50,2523.53,54.03,0.92,675,4234.89
379,24,6,2,5e-05,0.5,1,0.2,30,1,2447.39,2501.14,53.75,0.92,675,4507.05
380,8,10,2,5e-05,0.5,1,0.2,30,1,2446.23,2499.68,53.45,1.04,672,4475.50
381,10,10,2,5e-05,0.5,1,0.2,30,1,2478.28,2532.42,54.14,0.92,675,4246.12
382,16,10,2,5e-05,0.5,1,0.2,30,1,2516.56,2570.48,53.92,0.90,676,4596.40
383,24,10,2,5e-05,0.5,1,0.2,30,1,2592.65,2646.72,54.06,0.97,676,5052.39
384,8,3,4,5e-05,0.5,1,0.2,30,1,2123.11,2171.73,48.62,0.89,612,3612.04
385,10,3,4,5e-05,0.5,1,0.2,30,1,2188.50,2236.87,48.38,0.80,609,3307.68
386,16,3,4,5e-05,0.5,1,0.2,30,1,2164.59,2213.34,48.76,0.81,612,2929.56
387,24,3,4,5e-05,0.5,1,0.2,30,1,2178.68,2227.50,48.82,0.83,613,3534.95
388,8,6,4,5e-05,0.5,1,0.2,30,1,2201.63,2251.42,49.80,0.84,626,3513.89
389,10,6,4,5e-05,0.5,1,0.2,30,1,2255.31,2305.33,50.01,0.86,630,3804.35
390,16,6,4,5e-05,0.5,1,0.2,30,1,2256.31,2306.58,50.27,0.85,631,3632.42
391,24,6,4,5e-05,0.5,1,0.2,30,1,2260.23,2310.64,50.40,0.86,633,3863.25
392,8,10,4,5e-05,0.5,1,0.2,30,1,2229.27,2278.92,49.65,0.86,621,3615.68
393,10,10,4,5e-05,0.5,1,0.2,30,1,2286.24,2336.34,50.10,0.87,628,3786.65
394,16,10,4,5e-05,0.5,1,0.2,30,1,2297.84,2347.69,49.85,0.82,633,3813.23
395,24,10,4,5e-05,0.5,1,0.2,30,1,2266.62,2316.77,50.15,0.84,631,3634.74
396,8,3,1,0.0001,0.5,1,0.2,30,1,2096.28,2132.20,35.92,0.99,454,3958.03
397,10,3,1,0.0001,0.5,1,0.2,30,1,1996.79,2032.67,35.88,1.00,457,3759.62
398,16,3,1,0.0001,0.5,1,0.2,30,1,2048.18,2083.99,35.81,1.02,454,4088.91
399,24,3,1,0.0001,0.5,1,0.2,30,1,1995.54,2031.44,35.90,1.00,458,3950.08
400,8,6,1,0.0001,0.5,1,0.2,30,1,2074.32,2112.40,38.08,0.99,482,4401.53
401,10,6,1,0.0001,0.5,1,0.2,30,1,2099.25,2137.59,38.34,0.96,483,4262.24
402,16,6,1,0.0001,0.5,1,0.2,30,1,2117.20,2155.62,38.42,0.98,487,4080.53
403,24,6,1,0.0001,0.5,1,0.2,30,1,2136.37,2174.60,38.24,1.02,481,4406.60
404,8,10,1,0.0001,0.5,1,0.2,30,1,2152.35,2190.67,38.32,1.01,487,4574.82
405,10,10,1,0.0001,0.5,1,0.2,30,1,2096.26,2134.92,38.66,1.03,489,4387.80
406,16,10,1,0.0001,0.5,1,0.2,30,1,2094.27,2132.77,38.50,1.01,486,4490.87
407,24,10,1,0.0001,0.5,1,0.2,30,1,2106.06,2144.53,38.47,1.04,482,4536.95
408,8,3,2,0.0001,0.5,1,0.2,30,1,1979.75,2014.33,34.58,0.98,439,3901.85
409,10,3,2,0.0001,0.5,1,0.2,30,1,1960.03,1994.74,34.72,0.96,440,3761.69
410,16,3,2,0.0001,0.5,1,0.2,30,1,1942.88,1977.42,34.54,0.91,438,3843.54
411,24,3,2,0.0001,0.5,1,0.2,30,1,2018.97,2053.48,34.51,0.99,439,3951.05
412,8,6,2,0.0001,0.5,1,0.2,30,1,2022.42,2058.14,35.72,0.99,454,4083.41
413,10,6,2,0.0001,0.5,1,0.2,30,1,2006.09,2041.79,35.70,0.99,452,4098.34
414,16,6,2,0.0001,0.5,1,0.2,30,1,2038.88,2074.61,35.73,0.99,453,4248.91
415,24,6,2,0.0001,0.5,1,0.2,30,1,1975.99,2011.66,35.67,0.96,454,3935.50
416,8,10,2,0.0001,0.5,1,0.2,30,1,2055.37,2090.71,35.34,1.01,451,4210.83
417,10,10,2,0.0001,0.5,1,0.2,30,1,1988.50,2024.09,35.59,0.96,454,3992.36
418,16,10,2,0.0001,0.5,1,0.2,30,1,2065.72,2101.17,35.45,1.01,449,4197.14
419,24,10,2,0.0001,0.5,1,0.2,30,1,2070.12,2105.99,35.87,1.02,452,4294.54
420,8,3,4,0.0001,0.5,1,0.2,30,1,1524.73,1554.10,29.36,0.89,359,2667.69
421,10,3,4,0.0001,0.5,1,0.2,30,1,1329.73,1359.53,29.80,0.74,365,1815.56
422,16,3,4,0.0001,0.5,1,0.2,30,1,1472.96,1502.07,29.10,0.82,358,2333.34
423,24,3,4,0.0001,0.5,1,0.2,30,1,1448.24,1477.48,29.24,0.87,360,2676.22
424,8,6,4,0.0001,0.5,1,0.2,30,1,1468.23,1498.11,29.87,0.82,365,2607.14
425,10,6,4,0.0001,0.5,1,0.2,30,1,1483.82,1513.55,29.73,0.78,365,2430.08
426,16,6,4,0.0001,0.5,1,0.2,30,1,1414.17,1444.09,29.92,0.76,364,2513.10
427,24,6,4,0.0001,0.5,1,0.2,30,1,1457.09,1486.60,29.51,0.81,361,2663.84
428,8,10,4,0.0001,0.5,1,0.2,30,1,1481.60,1511.41,29.80,0.85,363,2398.74
429,10,10,4,0.0001,0.5,1,0.2,30,1,1548.46,1578.06,29.60,0.88,362,3080.28
430,16,10,4,0.0001,0.5,1,0.2,30,1,1510.69,1540.26,29.58,0.80,364,2427.07
431,24,10,4,0.0001,0.5,1,0.2,30,1,1504.59,1534.56,29.96,0.88,366,2879.38
432,8,3,1,5e-05,0,0,0.5,30,1,2369.01,2443.78,74.77,0.81,931,3182.94
433,10,3,1,5e-05,0,0,0.5,30,1,2539.23,2614.08,74.85,0.78,927,3207.98
434,16,3,1,5e-05,0,0,0.5,30,1,2388.86,2463.80,74.93,0.76,933,3304.75
435,24,3,1,5e-05,0,0,0.5,30,1,2363.45,2438.25,74.80,0.73,933,3105.12
436,8,6,1,5e-05,0,0,0.5,30,1,2343.89,2430.57,86.68,0.80,1093,3221.28
437,10,6,1,5e-05,0,0,0.5,30,1,2517.28,2604.63,87.35,0.77,1095,2665.34
438,16,6,1,5e-05,0,0,0.5,30,1,2503.63,2591.16,87.52,0.73,1095,2622.27
439,24,6,1,5e-05,0,0,0.5,30,1,2406.72,2494.14,87.42,0.73,1095,2551.61
440,8,10,1,5e-05,0,0,0.5,30,1,2501.55,2589.00,87.44,0.84,1092,4134.57
441,10,10,1,5e-05,0,0,0.5,30,1,2607.84,2695.93,88.09,0.81,1103,3517.15
442,16,10,1,5e-05,0,0,0.5,30,1,2623.87,2712.29,88.42,0.78,1104,2890.45
443,24,10,1,5e-05,0,0,0.5,30,1,2561.88,2650.81,88.93,0.77,1109,2702.44
444,8,3,2,5e-05,0,0,0.5,30,1,2384.27,2457.21,72.94,0.84,908,3258.21
445,10,3,2,5e-05,0,0,0.5,30,1,2467.65,2541.00,73.35,0.78,912,3227.14
446,16,3,2,5e-05,0,0,0.5,30,1,2264.39,2337.56,73.18,0.72,916,2915.11
447,24,3,2,5e-05,0,0,0.5,30,1,2343.95,2417.56,73.61,0.74,919,2562.89
448,8,6,2,5e-05,0,0,0.5,30,1,2464.97,2545.42,80.45,0.85,1000,3758.02
449,10,6,2,5e-05,0,0,0.5,30,1,2479.87,2560.68,80.81,0.75,1006,2824.71
450,16,6,2,5e-05,0,0,0.5,30,1,2402.23,2483.18,80.95,0.76,1010,2745.93
451,24,6,2,5e-05,0,0,0.5,30,1,2436.28,2517.01,80.73,0.73,1008,2249.40
452,8,10,2,5e-05,0,0,0.5,30,1,2466.13,2546.03,79.90,0.84,996,3765.51
453,10,10,2,5e-05,0,0,0.5,30,1,2499.53,2580.14,80.61,0.79,1002,2693.01
454,16,10,2,5e-05,0,0,0.5,30,1,2494.64,2575.37,80.73,0.74,1015,2890.88
455,24,10,2,5e-05,0,0,0.5,30,1,2384.69,2465.57,80.88,0.70,1015,2617.57
456,8,3,4,5e-05,0,0,0.5,30,1,2173.90,2244.99,71.09,0.75,882,2663.17
457,10,3,4,5e-05,0,0,0.5,30,1,2368.04,2439.53,71.49,0.75,891,2931.54
458,16,3,4,5e-05,0,0,0.5,30,1,2183.30,2254.74,71.44,0.70,890,2334.28
4